GEO.id,GEO.id2,GEO.display-label,HD01_VD01,HD02_VD01,HD01_VD02,HD02_VD02,HD01_VD03,HD02_VD03,HD01_VD04,HD02_VD04,HD01_VD05,HD02_VD05,HD01_VD06,HD02_VD06,HD01_VD07,HD02_VD07,HD01_VD08,HD02_VD08,HD01_VD09,HD02_VD09,HD01_VD10,HD02_VD10,HD01_VD11,HD02_VD11,HD01_VD12,HD02_VD12,HD01_VD13,HD02_VD13,HD01_VD14,HD02_VD14,HD01_VD15,HD02_VD15,HD01_VD16,HD02_VD16,HD01_VD17,HD02_VD17,HD01_VD18,HD02_VD18,HD01_VD19,HD02_VD19,HD01_VD20,HD02_VD20,HD01_VD21,HD02_VD21,HD01_VD22,HD02_VD22,HD01_VD23,HD02_VD23,HD01_VD24,HD02_VD24,HD01_VD25,HD02_VD25,HD01_VD26,HD02_VD26,HD01_VD27,HD02_VD27,HD01_VD28,HD02_VD28,HD01_VD29,HD02_VD29,HD01_VD30,HD02_VD30,HD01_VD31,HD02_VD31,HD01_VD32,HD02_VD32,HD01_VD33,HD02_VD33,HD01_VD34,HD02_VD34,HD01_VD35,HD02_VD35,HD01_VD36,HD02_VD36,HD01_VD37,HD02_VD37,HD01_VD38,HD02_VD38
Id,Id2,Geography,Estimate; Total:,Margin of Error; Total:,Estimate; In households:,Margin of Error; In households:,Estimate; In households: - In family households:,Margin of Error; In households: - In family households:,Estimate; In households: - In family households: - Householder:,Margin of Error; In households: - In family households: - Householder:,Estimate; In households: - In family households: - Householder: - Male,Margin of Error; In households: - In family households: - Householder: - Male,Estimate; In households: - In family households: - Householder: - Female,Margin of Error; In households: - In family households: - Householder: - Female,Estimate; In households: - In family households: - Spouse,Margin of Error; In households: - In family households: - Spouse,Estimate; In households: - In family households: - Child:,Margin of Error; In households: - In family households: - Child:,Estimate; In households: - In family households: - Child: - Biological child,Margin of Error; In households: - In family households: - Child: - Biological child,Estimate; In households: - In family households: - Child: - Adopted child,Margin of Error; In households: - In family households: - Child: - Adopted child,Estimate; In households: - In family households: - Child: - Stepchild,Margin of Error; In households: - In family households: - Child: - Stepchild,Estimate; In households: - In family households: - Grandchild,Margin of Error; In households: - In family households: - Grandchild,Estimate; In households: - In family households: - Brother or sister,Margin of Error; In households: - In family households: - Brother or sister,Estimate; In households: - In family households: - Parent,Margin of Error; In households: - In family households: - Parent,Estimate; In households: - In family households: - Parent-in-law,Margin of Error; In households: - In family households: - Parent-in-law,Estimate; In households: - In family households: - Son-in-law or daughter-in-law,Margin of Error; In households: - In family households: - Son-in-law or daughter-in-law,Estimate; In households: - In family households: - Other relatives,Margin of Error; In households: - In family households: - Other relatives,Estimate; In households: - In family households: - Nonrelatives:,Margin of Error; In households: - In family households: - Nonrelatives:,Estimate; In households: - In family households: - Nonrelatives: - Roomer or boarder,Margin of Error; In households: - In family households: - Nonrelatives: - Roomer or boarder,Estimate; In households: - In family households: - Nonrelatives: - Housemate or roommate,Margin of Error; In households: - In family households: - Nonrelatives: - Housemate or roommate,Estimate; In households: - In family households: - Nonrelatives: - Unmarried partner,Margin of Error; In households: - In family households: - Nonrelatives: - Unmarried partner,Estimate; In households: - In family households: - Nonrelatives: - Foster child,Margin of Error; In households: - In family households: - Nonrelatives: - Foster child,Estimate; In households: - In family households: - Nonrelatives: - Other nonrelatives,Margin of Error; In households: - In family households: - Nonrelatives: - Other nonrelatives,Estimate; In households: - In nonfamily households:,Margin of Error; In households: - In nonfamily households:,Estimate; In households: - In nonfamily households: - Householder:,Margin of Error; In households: - In nonfamily households: - Householder:,Estimate; In households: - In nonfamily households: - Householder: - Male:,Margin of Error; In households: - In nonfamily households: - Householder: - Male:,Estimate; In households: - In nonfamily households: - Householder: - Male: - Living alone,Margin of Error; In households: - In nonfamily households: - Householder: - Male: - Living alone,Estimate; In households: - In nonfamily households: - Householder: - Male: - Not living alone,Margin of Error; In households: - In nonfamily households: - Householder: - Male: - Not living alone,Estimate; In households: - In nonfamily households: - Householder: - Female:,Margin of Error; In households: - In nonfamily households: - Householder: - Female:,Estimate; In households: - In nonfamily households: - Householder: - Female: - Living alone,Margin of Error; In households: - In nonfamily households: - Householder: - Female: - Living alone,Estimate; In households: - In nonfamily households: - Householder: - Female: - Not living alone,Margin of Error; In households: - In nonfamily households: - Householder: - Female: - Not living alone,Estimate; In households: - In nonfamily households: - Nonrelatives:,Margin of Error; In households: - In nonfamily households: - Nonrelatives:,Estimate; In households: - In nonfamily households: - Nonrelatives: - Roomer or boarder,Margin of Error; In households: - In nonfamily households: - Nonrelatives: - Roomer or boarder,Estimate; In households: - In nonfamily households: - Nonrelatives: - Housemate or roommate,Margin of Error; In households: - In nonfamily households: - Nonrelatives: - Housemate or roommate,Estimate; In households: - In nonfamily households: - Nonrelatives: - Unmarried partner,Margin of Error; In households: - In nonfamily households: - Nonrelatives: - Unmarried partner,Estimate; In households: - In nonfamily households: - Nonrelatives: - Foster child,Margin of Error; In households: - In nonfamily households: - Nonrelatives: - Foster child,Estimate; In households: - In nonfamily households: - Nonrelatives: - Other nonrelatives,Margin of Error; In households: - In nonfamily households: - Nonrelatives: - Other nonrelatives,Estimate; In group quarters,Margin of Error; In group quarters
1400000US13001950100,13001950100,"Census Tract 9501, Appling County, Georgia",3040,426,3009,428,2666,453,886,140,483,137,403,111,655,131,855,275,738,276,49,64,68,77,135,101,18,27,32,50,0,13,5,23,37,62,43,46,0,13,0,13,27,31,0,13,16,26,343,127,303,111,168,90,129,86,39,37,135,61,135,61,0,13,40,39,0,13,0,13,40,39,0,13,0,13,31,21
1400000US13001950200,13001950200,"Census Tract 9502, Appling County, Georgia",4486,463,4363,453,3846,494,1180,154,680,150,500,133,702,143,1461,308,1245,292,0,13,216,129,102,84,12,20,35,40,29,30,21,32,224,145,80,56,0,13,0,13,49,45,0,13,31,44,517,142,490,124,128,94,128,94,0,13,362,98,338,90,24,37,27,43,0,13,0,13,27,43,0,13,0,13,123,88
1400000US13001950300,13001950300,"Census Tract 9503, Appling County, Georgia",5227,485,5087,491,3963,515,1098,149,758,160,340,149,870,164,1649,328,1452,365,60,76,137,177,85,76,42,60,39,49,0,19,83,116,7,14,90,114,90,114,0,19,0,19,0,19,0,19,1124,270,1001,221,512,165,454,165,58,69,489,129,447,125,42,58,123,142,0,19,108,139,15,25,0,19,0,19,140,61
1400000US13001950400,13001950400,"Census Tract 9504, Appling County, Georgia",1353,284,1353,284,1167,278,397,85,300,78,97,39,345,76,332,127,332,127,0,13,0,13,83,70,10,19,0,13,0,13,0,13,0,13,0,13,0,13,0,13,0,13,0,13,0,13,186,70,186,70,92,56,92,56,0,13,94,49,94,49,0,13,0,13,0,13,0,13,0,13,0,13,0,13,0,13
1400000US13001950500,13001950500,"Census Tract 9505, Appling County, Georgia",4173,456,4088,453,3695,456,1120,123,771,116,349,106,903,125,1176,283,1127,274,0,13,49,47,165,136,76,71,11,17,0,13,15,23,160,105,69,65,0,13,61,63,8,14,0,13,0,13,393,125,386,122,197,93,186,90,11,21,189,74,189,74,0,13,7,13,0,13,0,13,7,13,0,13,0,13,85,36
1400000US13003960100,13003960100,"Census Tract 9601, Atkinson County, Georgia",2254,301,2254,301,1970,315,454,85,282,71,172,62,297,74,810,143,766,137,14,17,30,36,271,185,17,16,4,6,0,13,41,46,27,25,49,33,12,19,0,13,37,27,0,13,0,13,284,69,257,69,94,41,89,43,5,7,163,61,152,61,11,12,27,23,15,23,0,13,12,14,0,13,0,13,0,13
1400000US13003960200,13003960200,"Census Tract 9602, Atkinson County, Georgia",4871,380,4828,382,4248,409,1158,139,652,126,506,104,727,105,1675,238,1566,235,17,20,92,78,116,58,114,60,73,68,0,13,3,5,270,129,112,71,7,13,7,12,36,27,0,13,62,62,580,132,476,111,234,78,202,75,32,20,242,67,217,68,25,23,104,57,14,18,40,40,31,32,0,13,19,26,43,17
1400000US13003960300,13003960300,"Census Tract 9603, Atkinson County, Georgia",1230,367,1230,367,1100,361,296,72,179,57,117,51,186,56,444,190,434,184,0,13,10,17,52,70,0,13,19,34,0,13,0,13,80,81,23,26,10,17,0,13,13,17,0,13,0,13,130,96,78,48,38,34,15,16,23,31,40,32,40,32,0,13,52,60,0,13,52,60,0,13,0,13,0,13,0,13
1400000US13005970100,13005970100,"Census Tract 9701, Bacon County, Georgia",2674,405,2674,405,2284,427,637,113,436,109,201,88,596,108,778,248,738,244,17,28,23,38,72,66,48,54,23,36,0,13,0,13,130,124,0,13,0,13,0,13,0,13,0,13,0,13,390,149,339,119,172,84,148,72,24,35,167,82,153,78,14,17,51,54,0,13,14,27,37,36,0,13,0,13,0,13
1400000US13005970201,13005970201,"Census Tract 9702.01, Bacon County, Georgia",3968,440,3805,439,3049,475,891,169,540,147,351,106,587,162,1177,254,1107,263,40,53,30,43,40,39,34,44,49,66,0,13,60,74,120,99,91,62,0,13,0,13,70,59,0,13,21,30,756,205,630,155,267,111,178,81,89,85,363,108,315,105,48,36,126,83,0,13,27,41,99,73,0,13,0,13,163,96
1400000US13005970202,13005970202,"Census Tract 9702.02, Bacon County, Georgia",4482,424,4232,400,3844,444,1179,160,630,126,549,173,858,155,1298,266,1229,290,0,13,69,79,236,135,92,114,0,13,0,13,36,58,49,63,96,79,0,13,0,13,15,24,0,13,81,70,388,140,325,112,145,76,119,70,26,41,180,88,145,67,35,43,63,48,0,13,8,15,55,51,0,13,0,13,250,150
1400000US13007960100,13007960100,"Census Tract 9601, Baker County, Georgia",2455,233,2443,231,2034,277,606,98,208,75,398,99,314,88,656,193,635,192,0,13,21,17,228,133,8,12,15,23,0,13,0,13,138,113,69,55,0,13,4,5,53,49,0,13,12,22,409,158,337,113,190,85,169,81,21,30,147,70,126,63,21,33,72,81,26,42,21,34,4,6,0,13,21,33,12,10
1400000US13007960200,13007960200,"Census Tract 9602, Baker County, Georgia",1028,233,1023,233,785,254,283,95,112,64,171,83,206,83,264,125,264,125,0,13,0,13,8,14,0,13,24,37,0,13,0,13,0,13,0,13,0,13,0,13,0,13,0,13,0,13,238,90,238,90,137,84,137,84,0,13,101,59,101,59,0,13,0,13,0,13,0,13,0,13,0,13,0,13,5,5
1400000US13009970100,13009970100,"Census Tract 9701, Baldwin County, Georgia",5246,421,5246,421,4583,462,1479,161,742,168,737,161,1068,189,1506,311,1351,333,0,19,155,128,275,184,13,23,45,43,27,42,0,19,93,81,77,76,0,19,0,19,31,39,0,19,46,54,663,182,619,155,228,111,228,111,0,19,391,123,353,113,38,45,44,51,0,19,0,19,44,51,0,19,0,19,0,19
1400000US13009970200,13009970200,"Census Tract 9702, Baldwin County, Georgia",7248,798,7235,797,5621,802,1886,271,969,194,917,236,1134,182,2037,440,1948,438,15,24,74,44,142,122,113,99,39,49,0,19,0,19,0,19,270,245,0,19,13,22,147,118,0,19,110,160,1614,355,1088,213,441,150,319,138,122,64,647,168,428,130,219,121,526,214,0,19,343,204,183,101,0,19,0,19,13,12
1400000US13009970300,13009970300,"Census Tract 9703, Baldwin County, Georgia",5645,598,5626,599,4571,599,1473,197,916,188,557,162,986,178,1430,347,1348,344,0,19,82,81,257,205,31,35,50,44,88,72,0,19,204,164,52,49,0,19,0,19,38,43,0,19,14,23,1055,309,788,199,280,133,222,120,58,66,508,157,393,154,115,75,267,174,0,19,0,19,87,91,0,19,180,158,19,11
1400000US13009970400,13009970400,"Census Tract 9704, Baldwin County, Georgia",5153,562,4864,547,2775,472,826,157,414,117,412,141,533,123,951,222,897,206,0,19,54,52,106,83,25,30,94,75,0,19,0,19,95,82,145,143,10,19,0,19,7,11,16,26,112,128,2089,475,1088,169,394,130,208,83,186,111,694,139,464,126,230,106,1001,374,53,52,864,349,18,26,0,19,66,107,289,136
1400000US13009970500,13009970500,"Census Tract 9705, Baldwin County, Georgia",5402,675,4379,646,2642,364,883,150,309,115,574,144,601,127,952,203,936,205,11,17,5,9,42,51,58,68,51,58,14,25,0,19,41,70,0,19,0,19,0,19,0,19,0,19,0,19,1737,621,901,206,398,144,298,124,100,74,503,179,295,121,208,146,836,498,110,124,726,507,0,19,0,19,0,19,1023,300
1400000US13009970600,13009970600,"Census Tract 9706, Baldwin County, Georgia",4266,423,4097,411,3180,476,943,138,434,127,509,103,495,119,1267,305,1179,286,4,9,84,82,145,103,85,78,62,62,26,36,0,13,63,75,94,96,0,13,14,23,0,13,0,13,80,90,917,248,648,160,290,102,136,67,154,92,358,119,296,103,62,58,269,132,22,36,18,30,123,66,0,13,106,112,169,115
1400000US13009970701,13009970701,"Census Tract 9707.01, Baldwin County, Georgia",2972,447,2258,381,1688,381,438,108,74,46,364,105,125,56,921,259,874,252,0,13,47,55,88,50,59,54,0,13,0,13,0,13,0,13,57,41,0,13,0,13,48,37,0,13,9,15,570,187,409,109,171,69,142,66,29,24,238,89,198,84,40,39,161,127,0,13,59,64,62,51,0,13,40,66,714,190
1400000US13009970702,13009970702,"Census Tract 9707.02, Baldwin County, Georgia",3512,499,1846,403,1540,423,400,100,153,72,247,83,186,96,648,242,640,240,8,12,0,13,136,103,5,8,47,43,0,13,3,19,72,66,43,47,0,13,0,13,36,47,0,13,7,11,306,105,284,99,147,75,147,75,0,13,137,70,119,69,18,21,22,25,0,13,0,13,9,16,0,13,13,20,1666,263
1400000US13009970800,13009970800,"Census Tract 9708, Baldwin County, Georgia",6934,629,5938,621,5303,669,1645,209,916,157,729,159,1162,197,2056,386,1941,401,15,23,100,112,108,89,76,81,41,67,47,68,38,55,86,100,44,44,0,19,0,19,26,28,0,19,18,34,635,152,635,152,287,111,287,111,0,19,348,131,348,131,0,19,0,19,0,19,0,19,0,19,0,19,0,19,996,213
1400000US13011970100,13011970100,"Census Tract 9701, Banks County, Georgia",5235,380,5235,380,4731,418,1461,156,819,140,642,138,1282,166,1747,258,1688,263,15,22,44,46,87,59,3,6,40,31,25,29,17,18,45,59,24,24,0,19,10,18,14,18,0,19,0,19,504,128,469,113,209,85,178,78,31,41,260,85,249,85,11,16,35,38,0,19,0,19,35,38,0,19,0,19,0,19
1400000US13011970200,13011970200,"Census Tract 9702, Banks County, Georgia",5336,374,5336,374,4504,410,1339,118,864,121,475,106,1057,124,1548,243,1454,241,68,55,26,30,101,74,122,69,49,38,17,23,73,47,87,70,111,64,4,7,6,12,77,51,0,19,24,26,832,253,597,129,292,126,162,64,130,111,305,98,249,95,56,38,235,156,0,19,121,121,23,27,0,19,91,74,0,19
1400000US13011970300,13011970300,"Census Tract 9703, Banks County, Georgia",3870,310,3870,310,3340,311,1037,105,672,113,365,104,821,114,1212,179,1016,170,23,31,173,111,116,73,4,8,33,34,0,13,0,13,33,40,84,52,0,13,0,13,43,40,22,38,19,24,530,152,483,140,237,90,214,90,23,23,246,97,222,92,24,23,47,32,1,3,12,19,25,27,0,13,9,16,0,13
1400000US13011970400,13011970400,"Census Tract 9704, Banks County, Georgia",3809,288,3809,288,3354,326,1074,138,647,131,427,115,850,131,938,204,802,186,14,23,122,79,78,62,100,74,57,50,0,13,40,31,145,151,72,55,0,13,0,13,29,27,0,13,43,42,455,147,323,99,106,59,56,40,50,44,217,89,179,87,38,32,132,79,0,13,27,40,62,39,0,13,43,34,0,13
1400000US13013180103,13013180103,"Census Tract 1801.03, Barrow County, Georgia",3737,456,3737,456,3515,467,1056,147,817,153,239,112,1001,141,1247,233,1037,204,90,72,120,106,120,101,11,16,27,33,13,22,24,38,16,25,0,13,0,13,0,13,0,13,0,13,0,13,222,108,185,97,116,89,109,90,7,11,69,39,49,35,20,22,37,34,10,16,0,13,14,23,0,13,13,21,0,13
1400000US13013180104,13013180104,"Census Tract 1801.04, Barrow County, Georgia",1881,294,1881,294,1649,308,527,98,352,86,175,74,388,94,685,204,574,174,20,22,91,68,0,13,14,20,18,28,0,13,0,13,6,12,11,16,0,13,0,13,11,16,0,13,0,13,232,119,153,71,104,77,73,57,31,36,49,43,18,20,31,38,79,61,0,13,42,49,37,43,0,13,0,13,0,13
1400000US13013180105,13013180105,"Census Tract 1801.05, Barrow County, Georgia",2755,323,2755,323,2519,371,725,89,367,129,358,117,537,124,1044,198,944,202,56,69,44,44,25,26,57,63,33,36,4,8,0,13,33,53,61,64,0,13,0,13,11,20,0,13,50,63,236,115,192,82,128,68,85,64,43,54,64,49,64,49,0,13,44,53,0,13,0,13,44,53,0,13,0,13,0,13
1400000US13013180106,13013180106,"Census Tract 1801.06, Barrow County, Georgia",2471,330,2471,330,2173,358,681,102,275,92,406,116,526,80,809,235,732,247,72,98,5,8,27,29,11,20,0,13,0,13,14,26,0,13,105,81,0,13,0,13,105,81,0,13,0,13,298,109,257,100,69,57,59,57,10,13,188,85,168,88,20,31,41,40,0,13,10,18,6,11,0,13,25,39,0,13
1400000US13013180107,13013180107,"Census Tract 1801.07, Barrow County, Georgia",4105,449,4105,449,3516,524,1058,159,611,161,447,168,619,158,1180,201,1150,194,4,8,26,36,180,172,17,23,105,84,0,13,12,23,52,69,293,184,16,26,0,13,97,81,0,13,180,161,589,221,489,161,316,163,254,120,62,82,173,102,151,101,22,34,100,99,72,95,0,13,28,41,0,13,0,13,0,13
1400000US13013180108,13013180108,"Census Tract 1801.08, Barrow County, Georgia",3505,272,3505,272,3291,292,917,86,648,108,269,81,672,99,1037,177,979,159,42,68,16,25,89,95,33,40,74,60,67,58,32,41,160,171,210,134,0,13,19,33,83,55,0,13,108,94,214,90,176,66,58,40,49,36,9,14,118,50,96,45,22,25,38,37,0,13,0,13,24,26,0,13,14,24,0,13
1400000US13013180203,13013180203,"Census Tract 1802.03, Barrow County, Georgia",3494,390,3487,390,2905,405,799,142,275,111,524,154,357,118,1084,266,1014,257,0,13,70,73,171,125,0,13,22,27,25,39,53,56,298,201,96,84,0,13,42,53,42,56,0,13,12,20,582,251,396,129,256,127,184,111,72,72,140,78,124,76,16,26,186,163,4,12,133,152,23,34,0,13,26,43,7,4
1400000US13013180204,13013180204,"Census Tract 1802.04, Barrow County, Georgia",2351,351,2135,367,2007,387,573,117,292,98,281,97,405,99,774,212,688,214,22,36,64,53,41,39,6,11,50,65,0,13,0,13,56,80,102,62,18,26,0,13,47,42,0,13,37,51,128,51,128,51,34,31,34,31,0,13,94,46,94,46,0,13,0,13,0,13,0,13,0,13,0,13,0,13,216,125
1400000US13013180205,13013180205,"Census Tract 1802.05, Barrow County, Georgia",4307,512,4228,510,3655,527,1034,129,482,137,552,152,649,127,1329,333,1216,293,12,19,101,115,312,159,73,50,63,75,31,40,0,13,121,113,43,47,0,13,0,13,0,13,0,13,43,47,573,184,460,124,134,70,100,54,34,49,326,112,279,101,47,46,113,95,0,13,15,26,38,43,0,13,60,77,79,42
1400000US13013180206,13013180206,"Census Tract 1802.06, Barrow County, Georgia",3123,602,3057,604,2547,695,632,138,431,135,201,80,419,133,1079,374,718,193,142,137,219,196,6,12,21,28,16,25,6,11,0,13,24,37,344,355,0,13,254,343,42,44,0,13,48,64,510,272,351,128,138,76,99,60,39,50,213,105,213,105,0,13,159,201,0,13,0,13,0,13,0,13,159,201,66,31
1400000US13013180301,13013180301,"Census Tract 1803.01, Barrow County, Georgia",2160,235,2160,235,1910,267,580,106,361,99,219,88,501,112,738,161,705,166,10,17,23,29,49,49,0,13,0,13,0,13,0,13,13,23,29,27,0,13,14,21,15,18,0,13,0,13,250,129,177,82,74,52,44,38,30,36,103,69,91,66,12,17,73,71,0,13,0,13,52,44,0,13,21,30,0,13
1400000US13013180302,13013180302,"Census Tract 1803.02, Barrow County, Georgia",5583,479,5583,479,4943,521,1578,150,854,166,724,170,1268,156,1809,314,1677,258,41,47,91,89,46,42,34,52,136,125,0,19,0,19,0,19,72,64,29,46,0,19,43,53,0,19,0,19,640,196,555,178,250,139,213,133,37,36,305,96,267,106,38,42,85,65,0,19,21,32,64,53,0,19,0,19,0,19
1400000US13013180303,13013180303,"Census Tract 1803.03, Barrow County, Georgia",3894,420,3891,420,3680,442,1131,135,613,118,518,123,920,134,1405,238,1378,237,16,26,11,21,93,60,24,38,75,69,0,13,0,13,19,32,13,23,0,13,0,13,13,23,0,13,0,13,211,101,202,94,103,58,92,54,11,18,99,70,99,70,0,13,9,17,0,13,0,13,9,17,0,13,0,13,3,3
1400000US13013180401,13013180401,"Census Tract 1804.01, Barrow County, Georgia",4726,644,4726,644,4106,681,1275,185,567,145,708,166,985,190,1199,321,1080,261,27,33,92,120,229,173,32,59,23,30,0,13,93,105,204,144,66,53,0,13,21,32,36,43,0,13,9,14,620,265,462,168,250,129,154,90,96,92,212,154,212,154,0,13,158,156,59,95,69,86,30,48,0,13,0,13,0,13
1400000US13013180402,13013180402,"Census Tract 1804.02, Barrow County, Georgia",5924,538,5903,535,5265,551,1463,168,787,134,676,145,1074,145,1986,339,1919,341,25,27,42,56,327,203,56,42,107,78,26,42,29,42,104,71,93,52,0,19,39,37,43,32,0,19,11,18,638,127,541,109,206,94,165,87,41,35,335,98,302,88,33,36,97,59,10,18,0,19,61,46,0,19,26,39,21,15
1400000US13013180501,13013180501,"Census Tract 1805.01, Barrow County, Georgia",5530,505,5530,505,5170,539,1370,150,706,184,664,172,992,154,2040,410,1938,419,0,19,102,90,89,82,69,82,302,151,8,15,15,22,167,148,118,78,22,36,0,19,47,52,0,19,49,55,360,163,281,118,112,75,94,74,18,22,169,89,122,72,47,50,79,71,0,19,10,18,50,49,0,19,19,35,0,19
1400000US13013180502,13013180502,"Census Tract 1805.02, Barrow County, Georgia",4583,579,4583,579,4051,574,1117,163,597,161,520,127,745,157,1670,307,1556,293,37,37,77,104,144,104,42,45,47,61,10,14,90,86,81,109,105,102,0,13,0,13,49,61,0,13,56,78,532,154,458,128,205,99,173,93,32,30,253,102,221,96,32,33,74,54,4,9,14,23,51,36,0,13,5,12,0,13
1400000US13013180503,13013180503,"Census Tract 1805.03, Barrow County, Georgia",5007,666,5007,666,4490,700,1211,154,674,181,537,167,1023,188,1752,430,1677,425,23,30,52,49,265,169,0,19,14,24,0,19,172,97,32,53,21,36,0,19,0,19,0,19,0,19,21,36,517,190,428,137,218,112,186,102,32,38,210,101,170,87,40,59,89,83,0,19,0,19,65,69,0,19,24,32,0,19
1400000US13015960101,13015960101,"Census Tract 9601.01, Bartow County, Georgia",1627,198,1627,198,1573,191,508,77,426,95,82,54,460,67,529,116,496,137,0,13,33,47,31,50,0,13,24,31,8,16,0,13,0,13,13,21,0,13,13,21,0,13,0,13,0,13,54,44,50,42,31,37,28,36,3,5,19,20,19,20,0,13,4,8,4,8,0,13,0,13,0,13,0,13,0,13
1400000US13015960102,13015960102,"Census Tract 9601.02, Bartow County, Georgia",9486,843,9477,842,8741,895,2525,251,1546,270,979,239,2115,239,3126,467,2857,461,119,103,150,116,302,157,20,21,80,83,23,32,160,90,262,164,128,106,0,19,0,19,25,28,0,19,103,104,736,227,585,160,346,149,247,127,99,91,239,104,204,96,35,39,151,104,3,5,0,19,82,77,0,19,66,76,9,8
1400000US13015960200,13015960200,"Census Tract 9602, Bartow County, Georgia",11957,840,11950,838,10994,826,3219,276,1916,266,1303,262,2358,266,3852,511,3433,466,94,90,325,181,553,203,39,57,312,192,82,99,87,85,205,158,287,185,0,21,47,70,90,71,0,21,150,138,956,306,802,228,463,167,416,158,47,53,339,123,309,121,30,35,154,162,22,36,0,21,12,18,0,21,120,156,7,16
1400000US13015960300,13015960300,"Census Tract 9603, Bartow County, Georgia",7803,768,7803,768,7491,818,2029,196,1155,202,874,211,1669,195,2948,481,2758,491,20,31,170,125,222,122,95,101,99,108,113,110,42,40,86,58,188,106,100,85,24,24,13,18,0,19,51,47,312,148,252,104,167,88,114,68,53,53,85,54,83,53,2,4,60,64,0,19,3,5,57,64,0,19,0,19,0,19
1400000US13015960401,13015960401,"Census Tract 9604.01, Bartow County, Georgia",8528,820,8429,818,7213,899,2146,275,1167,281,979,259,1638,248,2109,490,1823,490,152,137,134,98,64,69,259,218,101,95,38,38,70,58,452,240,336,208,0,19,111,118,51,40,0,19,174,189,1216,357,904,217,358,156,295,145,63,51,546,179,352,124,194,159,312,193,0,19,19,29,201,187,0,19,92,79,99,83
1400000US13015960402,13015960402,"Census Tract 9604.02, Bartow County, Georgia",9102,768,8545,753,7689,868,2476,270,1346,238,1130,302,1890,228,2749,499,2299,542,290,210,160,128,113,94,71,126,118,171,23,39,0,19,106,114,143,187,0,19,0,19,143,187,0,19,0,19,856,286,688,184,249,124,197,115,52,58,439,171,358,153,81,104,168,150,0,19,58,84,28,32,0,19,82,128,557,137
1400000US13015960500,13015960500,"Census Tract 9605, Bartow County, Georgia",7614,807,7608,806,6659,847,1883,223,1006,236,877,199,1278,219,2841,538,2708,520,13,21,120,117,235,163,78,86,86,117,10,20,38,47,170,138,40,38,0,19,10,16,30,35,0,19,0,19,949,240,796,199,410,169,254,151,156,123,386,158,376,158,10,17,153,109,0,19,79,87,74,65,0,19,0,19,6,7
1400000US13015960600,13015960600,"Census Tract 9606, Bartow County, Georgia",8806,726,8782,726,7591,801,2249,222,1173,182,1076,202,1523,214,3056,526,2949,512,19,29,88,89,497,321,42,52,75,63,14,23,0,19,123,100,12,19,0,19,0,19,0,19,0,19,12,19,1191,268,1051,238,389,155,313,146,76,62,662,162,635,165,27,31,140,97,0,19,63,82,63,46,0,19,14,24,24,16
1400000US13015960700,13015960700,"Census Tract 9607, Bartow County, Georgia",6392,648,6127,642,4718,723,1547,229,910,217,637,190,1130,193,1609,401,1436,353,0,19,173,148,194,140,59,53,52,45,16,26,0,19,42,46,69,54,0,19,0,19,21,39,0,19,48,48,1409,403,1084,246,528,201,393,153,135,125,556,161,452,146,104,78,325,220,149,172,101,91,39,46,0,19,36,50,265,149
1400000US13015960801,13015960801,"Census Tract 9608.01, Bartow County, Georgia",3185,339,3185,339,2653,396,760,124,416,107,344,114,693,134,995,215,796,196,44,59,155,139,100,81,15,24,0,13,0,13,0,13,52,38,38,44,0,13,0,13,2,8,0,13,36,44,532,160,394,104,157,68,102,53,55,49,237,91,191,78,46,40,138,83,0,13,67,71,38,27,0,13,33,44,0,13
1400000US13015960802,13015960802,"Census Tract 9608.02, Bartow County, Georgia",2780,362,2778,362,2436,385,708,108,421,106,287,117,509,113,810,209,742,224,0,13,68,61,40,47,155,148,85,74,10,16,22,35,22,33,75,60,0,13,0,13,23,29,0,13,52,56,342,123,274,93,63,43,37,28,26,31,211,83,180,84,31,35,68,59,0,13,14,21,29,34,0,13,25,42,2,3
1400000US13015960803,13015960803,"Census Tract 9608.03, Bartow County, Georgia",5379,483,5368,483,4749,521,1446,139,944,136,502,99,1172,148,1508,265,1446,245,14,15,48,49,86,54,91,55,58,37,60,52,23,23,159,121,146,77,0,19,37,55,44,38,0,19,65,45,619,150,483,117,262,97,214,96,48,34,221,75,184,65,37,32,136,76,25,42,34,44,45,35,0,19,32,57,11,7
1400000US13015960901,13015960901,"Census Tract 9609.01, Bartow County, Georgia",2547,352,2547,352,1921,432,577,112,367,104,210,76,480,104,624,239,505,168,0,13,119,108,153,121,0,13,18,22,0,13,0,13,7,30,62,50,41,46,8,13,13,20,0,13,0,13,626,231,401,116,201,107,188,107,13,22,200,84,98,58,102,74,225,160,0,13,200,158,7,11,0,13,18,30,0,13
1400000US13015960902,13015960902,"Census Tract 9609.02, Bartow County, Georgia",6037,506,6027,507,5450,574,1688,167,1043,190,645,176,1239,172,2128,400,1905,383,92,55,131,118,88,78,134,102,39,53,18,31,16,28,80,82,20,34,20,34,0,19,0,19,0,19,0,19,577,290,373,144,173,113,80,70,93,85,200,96,176,92,24,27,204,181,0,19,0,19,74,80,0,19,130,174,10,7
1400000US13015961000,13015961000,"Census Tract 9610, Bartow County, Georgia",8629,587,8626,587,8325,615,2399,179,1648,193,751,180,1993,179,3261,386,2829,379,190,121,242,132,116,78,111,128,84,70,62,47,2,3,176,130,121,89,18,29,18,28,55,43,0,19,30,42,301,101,301,101,146,76,146,76,0,19,155,89,155,89,0,19,0,19,0,19,0,19,0,19,0,19,0,19,3,3
1400000US13017960100,13017960100,"Census Tract 9601, Ben Hill County, Georgia",2557,368,2557,368,2292,421,695,112,440,110,255,73,495,94,793,252,677,225,15,23,101,74,143,118,0,13,31,35,0,13,12,22,92,101,31,30,12,20,9,14,10,16,0,13,0,13,265,117,241,110,184,98,177,98,7,10,57,42,44,39,13,19,24,25,12,19,0,13,12,16,0,13,0,13,0,13
1400000US13017960200,13017960200,"Census Tract 9602, Ben Hill County, Georgia",1740,317,1740,317,1478,332,432,102,235,94,197,82,308,79,584,181,533,186,22,30,29,44,84,71,11,18,24,32,0,13,0,13,8,13,27,31,0,13,0,13,27,31,0,13,0,13,262,107,218,94,70,53,60,49,10,17,148,77,116,72,32,30,44,34,0,13,0,13,32,28,0,13,12,21,0,13
1400000US13017960300,13017960300,"Census Tract 9603, Ben Hill County, Georgia",3698,422,3698,422,2924,503,829,161,384,107,445,164,496,114,1224,294,1140,291,0,13,84,66,133,126,86,106,76,76,0,13,12,20,0,13,68,52,39,51,0,13,29,32,0,13,0,13,774,250,599,159,315,109,260,103,55,55,284,108,252,101,32,43,175,142,0,13,37,50,26,20,0,13,112,126,0,13
1400000US13017960400,13017960400,"Census Tract 9604, Ben Hill County, Georgia",3745,519,3677,518,3185,569,880,144,345,131,535,123,518,122,1609,417,1490,430,56,86,63,67,121,87,0,13,13,24,0,13,0,13,22,26,22,27,0,13,0,13,22,27,0,13,0,13,492,140,431,128,231,101,216,99,15,19,200,75,176,69,24,25,61,47,27,33,22,25,12,20,0,13,0,13,68,30
1400000US13017960500,13017960500,"Census Tract 9605, Ben Hill County, Georgia",5872,546,5629,535,4769,598,1327,174,683,194,644,148,820,222,1744,330,1603,312,68,83,73,79,380,242,0,19,50,54,6,27,10,21,147,126,285,221,0,19,19,28,98,93,0,19,168,153,860,198,731,157,279,121,207,117,72,68,452,124,419,118,33,39,129,88,0,19,19,28,53,60,0,19,57,66,243,102
1400000US13019970100,13019970100,"Census Tract 9701, Berrien County, Georgia",1571,257,1571,257,1375,288,449,91,234,79,215,79,364,91,376,127,344,124,32,51,0,13,118,80,0,13,0,13,0,13,5,9,53,43,10,19,0,13,0,13,10,19,0,13,0,13,196,73,178,70,92,60,80,59,12,10,86,46,86,46,0,13,18,16,0,13,0,13,6,9,0,13,12,18,0,13
1400000US13019970200,13019970200,"Census Tract 9702, Berrien County, Georgia",4179,431,4179,431,3573,479,1088,146,521,116,567,119,930,139,1238,284,1077,260,90,83,71,60,104,81,119,97,5,8,39,56,0,13,6,10,44,56,0,13,0,13,26,45,0,13,18,30,606,274,377,127,218,82,174,70,44,34,159,84,124,63,35,50,229,179,0,13,52,74,49,40,0,13,128,134,0,13
1400000US13019970300,13019970300,"Census Tract 9703, Berrien County, Georgia",3253,397,3125,381,2621,388,760,122,445,124,315,114,564,149,1137,225,800,195,16,28,321,199,53,57,25,38,82,81,0,13,0,13,0,13,0,13,0,13,0,13,0,13,0,13,0,13,504,151,462,125,188,103,176,99,12,24,274,92,274,92,0,13,42,77,0,13,0,13,10,17,0,13,32,60,128,72
1400000US13019970400,13019970400,"Census Tract 9704, Berrien County, Georgia",2548,306,2548,306,2123,346,708,129,301,112,407,103,439,123,779,202,738,196,16,21,25,25,39,70,19,29,0,13,0,13,29,50,64,65,46,51,12,17,12,23,0,13,22,41,0,13,425,134,415,132,234,98,225,99,9,13,181,102,181,102,0,13,10,16,0,13,10,16,0,13,0,13,0,13,0,13
1400000US13019970500,13019970500,"Census Tract 9705, Berrien County, Georgia",4048,473,3941,441,3526,495,1005,150,535,163,470,138,795,167,1340,298,1239,284,0,13,101,89,126,87,33,39,43,41,21,32,31,36,103,103,29,31,9,17,0,13,20,22,0,13,0,13,415,140,388,134,189,88,182,88,7,11,199,95,176,96,23,27,27,27,0,13,0,13,27,27,0,13,0,13,107,78
1400000US13019970600,13019970600,"Census Tract 9706, Berrien County, Georgia",3532,349,3532,349,3109,362,1010,133,628,128,382,117,696,128,1002,195,852,196,55,75,95,98,123,117,0,13,65,75,0,13,0,13,148,97,65,51,0,13,20,32,45,41,0,13,0,13,423,147,335,116,199,105,174,106,25,22,136,58,112,47,24,29,88,73,0,13,7,13,30,36,0,13,51,59,0,13
1400000US13021010100,13021010100,"Census Tract 101, Bibb County, Georgia",1797,305,1797,305,1403,306,376,81,148,70,228,71,108,57,613,173,557,177,0,13,56,74,142,104,21,24,6,18,18,30,0,13,38,40,81,89,0,13,0,13,6,9,0,13,75,90,394,116,336,84,85,50,64,42,21,26,251,75,241,73,10,15,58,59,0,13,28,41,14,19,0,13,16,26,0,13
1400000US13021010200,13021010200,"Census Tract 102, Bibb County, Georgia",2066,212,2066,212,1420,230,518,98,218,84,300,94,370,111,400,92,381,95,13,23,6,11,26,27,6,11,80,68,0,13,0,13,20,34,0,13,0,13,0,13,0,13,0,13,0,13,646,125,573,102,207,80,201,81,6,11,366,96,334,93,32,30,73,57,0,13,56,51,17,23,0,13,0,13,0,13
1400000US13021010300,13021010300,"Census Tract 103, Bibb County, Georgia",833,162,829,162,517,154,153,57,65,43,88,54,44,41,199,84,143,81,22,33,34,51,10,15,3,11,0,13,0,13,10,17,20,30,78,39,0,13,0,13,40,32,0,13,38,50,312,110,247,82,83,48,78,47,5,10,164,74,119,73,45,42,65,56,29,36,0,13,36,38,0,13,0,13,4,3
1400000US13021010400,13021010400,"Census Tract 104, Bibb County, Georgia",2263,325,2236,326,1647,386,446,98,131,55,315,96,128,58,644,194,638,194,6,11,0,13,216,140,28,37,102,84,0,13,0,13,83,45,0,13,0,13,0,13,0,13,0,13,0,13,589,177,510,131,229,95,189,90,40,49,281,93,263,94,18,29,79,86,0,13,64,83,15,25,0,13,0,13,27,30
1400000US13021010500,13021010500,"Census Tract 105, Bibb County, Georgia",3667,407,1566,260,1377,281,357,66,14,12,343,66,58,38,528,146,528,146,0,13,0,13,164,139,12,18,0,13,17,25,0,13,81,72,160,193,0,13,0,13,14,18,0,13,146,188,189,73,164,59,39,33,39,33,0,13,125,55,111,50,14,21,25,27,0,13,11,16,14,21,0,13,0,13,2101,337
1400000US13021010800,13021010800,"Census Tract 108, Bibb County, Georgia",1391,253,1382,253,421,195,139,65,108,55,31,27,84,44,90,70,90,70,0,13,0,13,0,13,6,11,49,55,0,13,0,13,6,11,47,37,0,13,0,13,47,37,0,13,0,13,961,258,603,112,373,113,233,96,140,76,230,74,184,70,46,39,358,197,86,84,83,44,53,52,0,13,136,168,9,8
1400000US13021011000,13021011000,"Census Tract 110, Bibb County, Georgia",3796,516,3781,513,2504,493,779,143,347,94,432,127,527,129,970,314,955,318,0,13,15,24,22,36,47,66,122,167,0,13,0,13,19,32,18,24,0,13,0,13,18,24,0,13,0,13,1277,298,1061,186,542,161,416,129,126,109,519,129,486,127,33,33,216,163,0,13,65,60,100,99,0,13,51,82,15,37
1400000US13021011100,13021011100,"Census Tract 111, Bibb County, Georgia",2122,411,2101,412,1671,422,451,96,108,67,343,88,107,60,666,284,531,238,0,13,135,196,257,133,57,38,5,11,0,13,0,13,99,89,29,27,0,13,0,13,8,14,0,13,21,25,430,112,392,95,127,67,127,67,0,13,265,76,236,70,29,28,38,39,0,13,0,13,12,12,0,13,26,38,21,15
1400000US13021011500,13021011500,"Census Tract 115, Bibb County, Georgia",1319,308,1283,309,1073,320,261,71,60,36,201,72,85,44,426,154,420,151,0,13,6,11,108,133,48,57,29,42,0,13,24,28,70,60,22,31,0,13,17,30,5,8,0,13,0,13,210,105,157,58,103,55,69,40,34,39,54,22,54,22,0,13,53,60,27,45,0,13,0,13,0,13,26,41,36,49
1400000US13021011701,13021011701,"Census Tract 117.01, Bibb County, Georgia",2595,317,2595,317,2192,370,571,85,217,74,354,86,306,76,910,217,823,190,61,85,26,44,182,94,33,38,26,26,0,13,0,13,130,107,34,29,0,13,7,11,9,14,0,13,18,22,403,125,346,94,152,63,126,58,26,36,194,78,180,76,14,20,57,55,7,10,21,31,0,13,0,13,29,46,0,13
1400000US13021011702,13021011702,"Census Tract 117.02, Bibb County, Georgia",4668,545,4551,548,4111,583,1176,150,479,112,697,133,611,134,1854,372,1716,371,0,13,138,88,138,84,88,89,95,79,0,13,0,13,59,65,90,82,21,31,0,13,49,56,0,13,20,29,440,133,427,124,102,63,93,61,9,16,325,107,325,107,0,13,13,22,13,22,0,13,0,13,0,13,0,13,117,67
1400000US13021011800,13021011800,"Census Tract 118, Bibb County, Georgia",3453,397,3358,388,2371,404,778,137,523,135,255,83,588,126,762,178,724,167,5,10,33,38,35,33,44,46,38,45,21,35,0,13,83,65,22,30,0,13,0,13,22,30,0,13,0,13,987,232,778,143,344,104,233,89,111,79,434,111,418,109,16,27,209,160,49,60,99,144,61,54,0,13,0,13,95,112
1400000US13021011900,13021011900,"Census Tract 119, Bibb County, Georgia",2053,382,2029,383,1356,433,428,124,235,84,193,95,236,92,616,244,616,244,0,13,0,13,0,13,19,33,20,31,0,13,12,19,11,18,14,24,0,13,0,13,0,13,0,13,14,24,673,148,575,123,153,73,107,67,46,36,422,122,394,121,28,32,98,64,32,37,45,51,13,16,0,13,8,13,24,22
1400000US13021012000,13021012000,"Census Tract 120, Bibb County, Georgia",4722,423,4716,422,4055,485,1347,138,736,129,611,126,950,136,1419,259,1384,250,0,13,35,49,79,55,48,49,43,47,16,26,9,16,59,49,85,66,0,13,0,13,69,65,16,23,0,13,661,131,614,122,235,79,205,73,30,31,379,96,358,90,21,33,47,31,0,13,0,13,47,31,0,13,0,13,6,10
1400000US13021012101,13021012101,"Census Tract 121.01, Bibb County, Georgia",2338,194,1956,172,1731,201,560,84,312,57,248,100,400,60,694,115,694,115,0,13,0,13,72,69,5,14,0,13,0,13,0,13,0,13,0,13,0,13,0,13,0,13,0,13,0,13,225,90,219,89,98,61,93,62,5,9,121,69,121,69,0,13,6,9,0,13,0,13,6,9,0,13,0,13,382,90
1400000US13021012102,13021012102,"Census Tract 121.02, Bibb County, Georgia",4642,407,4641,407,3737,471,1307,169,809,167,498,149,955,150,1160,276,1148,279,0,13,12,18,24,44,28,30,39,44,21,32,10,17,93,84,100,115,55,93,12,24,0,13,0,13,33,44,904,195,820,172,292,120,227,116,65,55,528,148,518,149,10,16,84,59,0,13,19,31,27,36,0,13,38,43,1,6
1400000US13021012200,13021012200,"Census Tract 122, Bibb County, Georgia",2114,395,2114,395,1711,400,462,98,199,71,263,97,206,64,806,241,806,241,0,13,0,13,75,58,26,25,24,32,25,39,24,31,0,13,63,45,0,13,24,35,22,23,0,13,17,28,403,176,332,113,123,67,119,65,4,9,209,91,169,73,40,51,71,90,0,13,5,13,7,10,0,13,59,89,0,13
1400000US13021012300,13021012300,"Census Tract 123, Bibb County, Georgia",3358,434,3358,434,2608,439,710,120,224,104,486,106,211,91,989,289,879,302,78,119,32,37,311,162,126,112,13,15,0,13,30,35,160,93,58,41,0,13,3,5,28,24,0,13,27,39,750,290,483,111,254,95,129,66,125,75,229,76,221,74,8,12,267,229,0,13,0,13,77,56,0,13,190,223,0,13
1400000US13021012400,13021012400,"Census Tract 124, Bibb County, Georgia",3452,427,3365,431,2856,450,890,137,377,116,513,119,456,120,934,308,918,305,16,25,0,13,158,106,179,88,46,54,10,15,28,46,140,104,15,17,0,13,0,13,15,17,0,13,0,13,509,189,427,124,163,93,126,74,37,58,264,95,238,86,26,42,82,91,0,13,50,76,32,50,0,13,0,13,87,36
1400000US13021012500,13021012500,"Census Tract 125, Bibb County, Georgia",3687,458,3493,458,2862,524,756,132,149,64,607,132,208,95,1495,344,1376,362,31,30,88,74,173,124,42,38,21,34,0,13,0,13,74,72,93,84,0,13,0,13,15,18,0,13,78,79,631,133,592,125,271,96,246,96,25,32,321,104,311,105,10,15,39,38,0,13,0,13,39,38,0,13,0,13,194,148
1400000US13021012600,13021012600,"Census Tract 126, Bibb County, Georgia",5179,603,5179,603,4685,618,1187,145,283,96,904,142,396,101,1863,406,1850,407,13,20,0,19,466,211,148,137,90,87,9,17,57,49,413,415,56,49,26,41,0,19,21,26,0,19,9,15,494,146,458,136,187,96,187,96,0,19,271,100,244,97,27,34,36,42,0,19,14,22,22,35,0,19,0,19,0,19
1400000US13021012700,13021012700,"Census Tract 127, Bibb County, Georgia",1973,369,1961,369,1626,380,428,86,145,73,283,75,101,63,605,208,585,207,15,19,5,8,255,199,68,52,5,9,0,13,0,13,103,78,61,51,0,13,16,26,35,42,0,13,10,17,335,86,284,66,93,48,86,46,7,10,191,58,171,56,20,17,51,43,9,17,0,13,22,20,0,13,20,32,12,10
1400000US13021012800,13021012800,"Census Tract 128, Bibb County, Georgia",3817,750,3817,750,3407,855,893,206,331,158,562,150,247,114,1625,468,1434,447,23,30,168,228,63,72,115,111,107,83,30,46,0,13,113,112,214,148,44,39,48,74,36,36,0,13,86,100,410,186,323,127,139,95,70,63,69,78,184,84,167,83,17,24,87,79,0,13,21,35,66,58,0,13,0,13,0,13
1400000US13021012900,13021012900,"Census Tract 129, Bibb County, Georgia",2298,382,2168,366,1702,441,414,95,128,61,286,79,119,65,765,251,711,246,0,13,54,78,256,157,14,22,0,13,0,13,0,13,80,71,54,70,0,13,0,13,14,20,0,13,40,67,466,204,273,89,167,72,99,50,68,58,106,53,61,40,45,41,193,132,0,13,59,63,73,62,26,37,35,39,130,115
1400000US13021013101,13021013101,"Census Tract 131.01, Bibb County, Georgia",6195,838,6192,838,5451,873,1462,191,506,151,956,185,597,163,2545,560,2175,361,254,379,116,116,406,400,183,191,76,85,0,19,0,19,48,53,134,92,0,19,60,74,36,35,0,19,38,51,741,280,583,170,333,141,301,141,32,38,250,112,250,112,0,19,158,207,0,19,0,19,22,35,0,19,136,174,3,4
1400000US13021013102,13021013102,"Census Tract 131.02, Bibb County, Georgia",3939,479,3875,475,3534,477,1102,118,339,98,763,134,572,118,1452,283,1452,283,0,13,0,13,262,164,0,13,39,44,20,30,5,10,39,37,43,36,8,13,0,13,22,27,0,13,13,22,341,146,261,105,115,70,88,61,27,28,146,80,126,73,20,25,80,63,0,13,66,55,8,13,0,13,6,11,64,32
1400000US13021013201,13021013201,"Census Tract 132.01, Bibb County, Georgia",5270,686,5258,685,4442,768,1243,195,389,153,854,196,566,157,1884,517,1877,515,0,19,7,11,383,194,125,84,92,93,0,19,33,40,99,104,17,29,0,19,0,19,17,29,0,19,0,19,816,275,677,195,292,143,292,143,0,19,385,134,307,100,78,93,139,142,0,19,16,27,9,15,0,19,114,135,12,6
1400000US13021013202,13021013202,"Census Tract 132.02, Bibb County, Georgia",2567,588,2567,588,2111,649,599,148,225,92,374,130,224,94,922,386,890,386,0,13,32,41,192,154,27,36,53,53,0,13,0,13,23,40,71,61,0,13,0,13,30,39,0,13,41,49,456,167,365,117,119,65,94,57,25,31,246,95,231,92,15,17,91,94,0,13,68,88,0,13,0,13,23,28,0,13
1400000US13021013302,13021013302,"Census Tract 133.02, Bibb County, Georgia",4380,425,4094,383,3412,405,1015,122,414,108,601,130,634,110,1277,259,1213,271,51,51,13,22,186,93,68,58,34,37,16,23,7,12,154,112,21,26,0,13,0,13,11,17,0,13,10,18,682,145,577,132,182,55,132,57,50,31,395,131,370,128,25,27,105,55,14,21,46,32,22,27,0,13,23,26,286,162
1400000US13021013407,13021013407,"Census Tract 134.07, Bibb County, Georgia",4006,528,3946,531,3137,497,940,135,432,126,508,128,615,102,1094,277,1024,285,37,64,33,44,103,86,133,125,112,104,22,39,47,61,56,88,15,20,0,13,0,13,15,20,0,13,0,13,809,326,620,165,217,86,166,74,51,68,403,150,389,148,14,25,189,251,0,13,0,13,14,24,0,13,175,250,60,43
1400000US13021013408,13021013408,"Census Tract 134.08, Bibb County, Georgia",4771,360,4771,360,4491,425,1421,118,925,134,496,144,1373,114,1668,277,1508,322,0,13,160,153,0,13,12,21,17,27,0,13,0,13,0,13,0,13,0,13,0,13,0,13,0,13,0,13,280,127,250,98,95,77,53,51,42,64,155,79,155,79,0,13,30,47,0,13,0,13,30,47,0,13,0,13,0,13
1400000US13021013409,13021013409,"Census Tract 134.09, Bibb County, Georgia",4231,508,4132,513,3544,569,1018,151,529,143,489,146,671,159,1323,369,1266,366,18,28,39,47,205,143,30,47,18,29,28,43,25,38,36,41,190,152,0,13,0,13,29,34,0,13,161,148,588,243,502,150,271,150,217,133,54,90,231,115,231,115,0,13,86,133,0,13,0,13,0,13,0,13,86,133,99,68
1400000US13021013410,13021013410,"Census Tract 134.10, Bibb County, Georgia",5886,553,5847,551,5374,559,1681,171,1357,198,324,119,1499,144,1589,208,1401,210,166,132,22,34,71,70,111,125,96,88,62,55,28,47,44,61,193,287,0,19,0,19,7,13,0,19,186,287,473,114,473,114,97,57,97,57,0,19,376,104,376,104,0,19,0,19,0,19,0,19,0,19,0,19,0,19,39,45
1400000US13021013411,13021013411,"Census Tract 134.11, Bibb County, Georgia",3493,384,3493,384,2493,447,885,145,663,125,222,115,773,142,795,253,766,253,0,13,29,39,0,13,11,19,0,13,0,13,0,13,0,13,29,40,0,13,10,19,0,13,0,13,19,33,1000,257,753,178,356,156,232,130,124,89,397,157,343,145,54,59,247,148,0,13,119,125,98,80,0,13,30,49,0,13
1400000US13021013502,13021013502,"Census Tract 135.02, Bibb County, Georgia",1923,279,1906,284,1644,289,490,78,259,94,231,82,344,86,526,161,511,155,15,21,0,13,59,41,56,68,39,40,39,51,0,13,67,70,24,20,0,13,19,19,0,13,0,13,5,8,262,82,243,84,161,75,147,81,14,18,82,38,82,38,0,13,19,22,8,12,0,13,11,18,0,13,0,13,17,23
1400000US13021013503,13021013503,"Census Tract 135.03, Bibb County, Georgia",2477,332,2477,332,1984,344,600,108,406,88,194,88,425,112,690,189,690,189,0,13,0,13,20,24,31,53,12,23,59,59,0,13,6,10,141,89,0,13,0,13,54,62,0,13,87,74,493,254,341,108,135,92,92,62,43,58,206,99,206,99,0,13,152,216,0,13,0,13,4,6,0,13,148,216,0,13
1400000US13021013504,13021013504,"Census Tract 135.04, Bibb County, Georgia",8109,518,8010,516,7027,619,2306,207,1769,247,537,180,1969,203,2267,343,1984,349,87,85,196,165,46,53,165,140,39,43,42,51,21,34,0,19,172,169,16,26,0,19,0,19,0,19,156,169,983,299,764,213,391,151,259,132,132,93,373,150,352,153,21,33,219,144,0,19,57,63,63,61,0,19,99,118,99,43
1400000US13021013603,13021013603,"Census Tract 136.03, Bibb County, Georgia",4362,656,2961,546,2578,576,756,131,612,130,144,76,550,131,971,370,918,380,0,13,53,79,53,57,13,20,69,105,16,28,14,23,38,46,98,139,0,13,0,13,0,13,0,13,98,139,383,193,283,105,137,62,124,56,13,22,146,79,125,74,21,24,100,124,39,47,17,28,0,13,0,13,44,77,1401,437
1400000US13021013604,13021013604,"Census Tract 136.04, Bibb County, Georgia",5177,519,5161,516,4839,519,1488,125,1064,141,424,123,1173,155,1719,368,1569,325,9,14,141,114,215,126,44,50,59,54,31,48,37,46,27,32,46,53,0,19,46,53,0,19,0,19,0,19,322,102,312,97,187,74,176,70,11,21,125,68,125,68,0,19,10,17,0,19,0,19,0,19,0,19,10,17,16,33
1400000US13021013605,13021013605,"Census Tract 136.05, Bibb County, Georgia",5814,571,5809,571,4554,669,1367,190,778,149,589,171,1098,186,1803,410,1535,405,212,176,56,61,54,54,76,80,50,51,0,19,0,19,106,77,0,19,0,19,0,19,0,19,0,19,0,19,1255,508,749,182,243,148,151,87,92,106,506,160,384,143,122,112,506,386,0,19,243,248,38,41,82,119,143,174,5,4
1400000US13021013606,13021013606,"Census Tract 136.06, Bibb County, Georgia",5908,546,5908,546,5383,619,1770,190,1211,212,559,169,1440,204,1923,398,1666,378,114,208,143,118,28,38,30,51,56,64,0,19,0,19,97,121,39,61,0,19,0,19,0,19,0,19,39,61,525,219,426,165,169,100,127,82,42,62,257,112,211,104,46,43,99,87,0,19,0,19,80,84,0,19,19,32,0,19
1400000US13021013700,13021013700,"Census Tract 137, Bibb County, Georgia",3194,403,2292,360,1353,388,412,92,238,72,174,75,315,81,423,193,361,162,0,13,62,64,66,75,33,35,20,23,5,14,0,13,79,84,0,13,0,13,0,13,0,13,0,13,0,13,939,173,707,111,286,78,235,80,51,36,421,99,350,94,71,38,232,107,121,110,86,59,25,27,0,13,0,13,902,202
1400000US13021013800,13021013800,"Census Tract 138, Bibb County, Georgia",2163,259,2068,251,1741,295,414,70,105,56,309,78,157,67,950,235,836,224,48,91,66,101,36,35,84,107,14,18,0,13,7,11,37,42,42,35,0,13,0,13,5,10,10,15,27,30,327,139,242,86,161,80,146,71,15,24,81,42,43,27,38,36,85,71,51,59,0,13,0,13,0,13,34,53,95,39
1400000US13021013900,13021013900,"Census Tract 139, Bibb County, Georgia",2092,319,1947,304,1716,313,421,61,160,50,261,71,230,58,828,186,815,190,0,13,13,18,149,120,22,25,21,24,0,13,6,10,22,37,17,20,11,16,6,12,0,13,0,13,0,13,231,69,209,59,115,64,113,64,2,5,94,46,80,43,14,17,22,26,15,26,3,7,4,6,0,13,0,13,145,69
1400000US13023790100,13023790100,"Census Tract 7901, Bleckley County, Georgia",4370,423,4306,423,3873,445,1067,159,555,115,512,151,850,127,1615,312,1598,313,17,20,0,13,97,111,23,41,33,51,0,13,0,13,79,58,109,99,0,13,0,13,38,36,0,13,71,79,433,130,421,128,158,79,158,79,0,13,263,98,246,98,17,26,12,19,0,13,0,13,12,19,0,13,0,13,64,19
1400000US13023790200,13023790200,"Census Tract 7902, Bleckley County, Georgia",3265,495,2954,476,2676,493,655,166,205,78,450,186,372,95,1186,357,1141,352,45,47,0,13,196,147,60,76,90,89,0,13,60,70,12,18,45,51,0,13,0,13,15,23,30,41,0,13,278,105,233,82,43,34,29,27,14,25,190,76,172,74,18,29,45,52,0,13,0,13,39,50,0,13,6,10,311,94
1400000US13023790300,13023790300,"Census Tract 7903, Bleckley County, Georgia",5374,563,4344,560,3571,601,1092,203,634,166,458,142,883,175,1227,347,1067,330,32,35,128,138,183,127,22,47,0,19,0,19,0,19,131,138,33,34,0,19,0,19,33,34,0,19,0,19,773,216,657,184,283,114,219,105,64,56,374,146,366,145,8,16,116,89,0,19,33,49,34,40,0,19,49,68,1030,202
1400000US13025960100,13025960100,"Census Tract 9601, Brantley County, Georgia",7372,634,7372,634,6573,653,1935,214,979,236,956,235,1358,242,2314,368,2062,360,164,133,88,83,650,235,22,36,0,19,38,66,0,19,33,45,223,163,0,19,0,19,170,137,53,85,0,19,799,340,543,170,319,146,215,111,104,91,224,88,168,82,56,66,256,231,0,19,0,19,127,110,0,19,129,145,0,19
1400000US13025960200,13025960200,"Census Tract 9602, Brantley County, Georgia",5614,688,5500,687,4916,720,1631,242,799,180,832,202,996,206,1705,366,1534,355,171,150,0,19,268,160,26,50,65,67,36,56,47,58,70,77,72,80,0,19,20,49,52,49,0,19,0,19,584,190,470,153,199,98,174,92,25,27,271,105,244,111,27,31,114,108,0,19,59,91,31,28,0,19,24,38,114,77
1400000US13025960300,13025960300,"Census Tract 9603, Brantley County, Georgia",5293,601,5293,601,4691,667,1403,208,735,175,668,181,1035,184,1734,378,1652,340,72,98,10,16,63,57,61,76,119,114,0,19,0,19,115,117,161,102,0,19,58,90,103,84,0,19,0,19,602,167,569,156,141,70,112,63,29,39,428,143,428,143,0,19,33,43,0,19,0,19,33,43,0,19,0,19,0,19
1400000US13027960200,13027960200,"Census Tract 9602, Brooks County, Georgia",1474,241,1463,239,1183,250,414,90,277,80,137,53,324,93,347,105,337,101,10,13,0,13,20,27,0,13,35,43,0,13,7,12,14,19,22,27,0,13,0,13,6,9,0,13,16,25,280,106,250,90,123,63,123,63,0,13,127,51,93,42,34,34,30,33,0,13,17,28,13,18,0,13,0,13,11,8
1400000US13027960300,13027960300,"Census Tract 9603, Brooks County, Georgia",5360,467,5296,472,4512,546,1513,207,1007,206,506,125,1220,179,1331,280,1243,281,50,74,38,35,287,173,65,78,38,42,2,5,17,27,13,19,26,31,0,19,0,19,26,31,0,19,0,19,784,218,759,212,466,168,458,168,8,17,293,123,281,123,12,19,25,29,0,19,12,20,13,22,0,19,0,19,64,35
1400000US13027960400,13027960400,"Census Tract 9604, Brooks County, Georgia",4006,449,3889,464,3228,445,988,128,543,144,445,112,606,128,1169,284,1114,267,21,37,34,37,186,96,95,73,35,30,0,13,0,13,105,102,44,41,0,13,0,13,0,13,0,13,44,41,661,225,455,128,277,116,137,85,140,88,178,73,178,73,0,13,206,140,107,116,64,69,35,38,0,13,0,13,117,90
1400000US13027960500,13027960500,"Census Tract 9605, Brooks County, Georgia",2606,380,2569,397,2163,401,699,124,237,113,462,124,347,104,762,214,674,208,23,36,65,61,115,71,29,32,17,24,68,84,0,13,98,105,28,42,0,13,0,13,0,13,28,42,0,13,406,125,406,125,134,83,134,83,0,13,272,104,272,104,0,13,0,13,0,13,0,13,0,13,0,13,0,13,37,47
1400000US13027960600,13027960600,"Census Tract 9606, Brooks County, Georgia",2620,430,2620,430,2238,454,702,144,449,130,253,101,488,109,790,224,751,226,0,13,39,33,81,61,21,36,0,13,0,13,0,13,26,29,130,89,0,13,0,13,80,76,0,13,50,60,382,196,259,111,106,72,70,63,36,38,153,87,153,87,0,13,123,154,19,30,16,26,11,17,0,13,77,99,0,13
1400000US13029920101,13029920101,"Census Tract 9201.01, Bryan County, Georgia",4298,492,4298,492,3819,572,1238,167,656,123,582,139,769,148,1365,287,1210,246,52,79,103,101,116,90,38,40,27,29,28,43,0,13,23,26,215,125,0,13,0,13,122,69,0,13,93,93,479,176,380,119,157,81,108,61,49,54,223,91,189,83,34,31,99,81,0,13,0,13,70,73,0,13,29,35,0,13
1400000US13029920102,13029920102,"Census Tract 9201.02, Bryan County, Georgia",5601,516,5561,518,4756,594,1336,188,794,181,542,120,1018,188,1795,310,1718,298,0,19,77,73,318,213,0,19,36,49,16,25,0,19,81,93,156,107,0,19,78,80,78,50,0,19,0,19,805,232,676,191,452,184,383,172,69,76,224,86,187,84,37,32,129,97,0,19,14,22,115,97,0,19,0,19,40,31
1400000US13029920301,13029920301,"Census Tract 9203.01, Bryan County, Georgia",2030,379,2030,379,1926,397,622,128,389,133,233,94,358,96,648,207,615,208,11,19,22,32,137,63,0,13,74,58,0,13,15,26,17,25,55,65,0,13,0,13,41,58,4,17,10,15,104,82,104,82,65,72,65,72,0,13,39,49,39,49,0,13,0,13,0,13,0,13,0,13,0,13,0,13,0,13
1400000US13029920303,13029920303,"Census Tract 9203.03, Bryan County, Georgia",4977,476,4900,460,4091,494,1316,187,538,164,778,166,782,158,1628,291,1628,291,0,13,0,13,87,83,39,54,0,13,0,13,0,13,208,170,31,50,0,13,0,13,31,50,0,13,0,13,809,238,585,173,343,133,232,122,111,77,242,118,188,101,54,55,224,124,0,13,52,80,69,62,0,13,103,69,77,82
1400000US13029920305,13029920305,"Census Tract 9203.05, Bryan County, Georgia",3867,400,3867,400,3639,414,1172,136,772,147,400,148,995,127,1390,258,1327,253,63,52,0,13,28,32,39,48,0,13,0,13,0,13,0,13,15,29,0,13,0,13,0,13,0,13,15,29,228,105,209,97,143,92,132,90,11,18,66,49,66,49,0,13,19,29,0,13,0,13,19,29,0,13,0,13,0,13
1400000US13029920306,13029920306,"Census Tract 9203.06, Bryan County, Georgia",9843,617,9843,617,9098,704,2787,200,1911,242,876,251,2547,212,3440,408,3213,421,21,32,206,111,204,144,0,19,10,15,29,40,25,36,7,31,49,41,0,19,11,21,32,31,0,19,6,23,745,300,527,159,174,89,155,79,19,30,353,137,237,105,116,98,218,182,0,19,49,59,107,100,0,19,62,88,0,19
1400000US13029980000,13029980000,"Census Tract 9800, Bryan County, Georgia",0,13,0,13,0,13,0,13,0,13,0,13,0,13,0,13,0,13,0,13,0,13,0,13,0,13,0,13,0,13,0,13,0,13,0,13,0,13,0,13,0,13,0,13,0,13,0,13,0,13,0,13,0,13,0,13,0,13,0,13,0,13,0,13,0,13,0,13,0,13,0,13,0,13,0,13
1400000US13031110100,13031110100,"Census Tract 1101, Bulloch County, Georgia",3830,434,3829,435,3287,417,936,107,505,100,431,94,666,123,1163,260,1015,226,41,50,107,66,228,115,33,34,55,40,0,13,26,26,30,25,150,60,15,24,14,19,95,51,16,21,10,17,542,153,454,111,301,102,227,81,74,61,153,53,144,53,9,13,88,64,4,9,8,12,63,50,0,13,13,22,1,2
1400000US13031110200,13031110200,"Census Tract 1102, Bulloch County, Georgia",7306,701,6893,626,5503,741,1799,239,963,169,836,193,1339,218,1955,364,1836,375,46,45,73,84,172,105,6,11,76,76,0,19,32,44,17,29,107,99,14,22,0,19,53,76,0,19,40,45,1390,383,1110,228,561,182,430,150,131,112,549,170,504,169,45,42,280,254,0,19,174,243,106,72,0,19,0,19,413,177
1400000US13031110300,13031110300,"Census Tract 1103, Bulloch County, Georgia",8121,511,8062,516,6688,715,2098,207,1233,199,865,196,1625,177,2243,366,2044,363,28,33,171,123,220,128,127,106,121,93,0,19,0,19,153,132,101,86,0,19,37,61,52,61,0,19,12,21,1374,335,986,214,583,181,323,126,260,132,403,138,328,131,75,57,388,168,38,61,203,129,111,94,0,19,36,58,59,42
1400000US13031110401,13031110401,"Census Tract 1104.01, Bulloch County, Georgia",3626,384,3470,384,2380,389,798,137,297,87,501,122,323,92,810,211,778,214,32,39,0,13,192,131,74,66,37,59,0,13,0,13,68,54,78,75,0,13,0,13,67,69,0,13,11,20,1090,259,832,183,484,153,378,129,106,79,348,118,245,100,103,67,258,128,16,21,177,119,65,58,0,13,0,13,156,38
1400000US13031110403,13031110403,"Census Tract 1104.03, Bulloch County, Georgia",6410,730,6410,730,1431,397,493,144,253,101,240,151,224,79,414,174,414,174,0,19,0,19,0,19,115,87,0,19,0,19,0,19,100,108,85,66,0,19,66,59,0,19,0,19,19,31,4979,655,2023,279,947,202,219,124,728,201,1076,270,364,146,712,235,2956,475,0,19,2854,488,102,82,0,19,0,19,0,19
1400000US13031110404,13031110404,"Census Tract 1104.04, Bulloch County, Georgia",7057,859,2673,623,301,215,90,72,26,37,64,59,15,23,62,65,62,65,0,19,0,19,0,19,40,39,0,19,0,19,0,19,11,18,83,79,0,19,37,59,46,56,0,19,0,19,2372,610,826,171,423,160,120,88,303,148,403,141,166,107,237,115,1546,503,0,19,1446,518,78,85,0,19,22,34,4384,835
1400000US13031110500,13031110500,"Census Tract 1105, Bulloch County, Georgia",4768,508,4684,509,2995,466,1004,136,512,128,492,134,537,105,1026,285,985,280,11,18,30,45,149,125,55,48,9,15,36,53,0,13,56,45,123,112,9,14,77,93,23,26,14,23,0,13,1689,284,992,152,513,137,333,120,180,84,479,97,254,83,225,73,697,200,53,52,520,174,124,72,0,13,0,13,84,58
1400000US13031110601,13031110601,"Census Tract 1106.01, Bulloch County, Georgia",6260,665,6145,669,5083,748,1502,214,543,149,959,235,1089,176,2012,415,1919,416,0,19,93,93,196,254,61,50,42,46,0,19,4,9,51,48,126,108,0,19,0,19,85,93,0,19,41,49,1062,245,926,193,392,155,327,161,65,74,534,148,485,142,49,53,136,116,41,66,18,32,52,56,0,19,25,50,115,54
1400000US13031110602,13031110602,"Census Tract 1106.02, Bulloch County, Georgia",3852,365,3850,365,3148,389,1013,126,452,158,561,153,584,124,1297,231,1252,238,0,13,45,63,58,64,64,74,0,13,0,13,0,13,31,46,101,87,0,13,0,13,89,86,0,13,12,20,702,246,537,178,187,89,127,69,60,66,350,165,276,160,74,80,165,121,0,13,139,109,26,37,0,13,0,13,2,5
1400000US13031110700,13031110700,"Census Tract 1107, Bulloch County, Georgia",9670,758,9662,756,7695,885,2348,214,1218,225,1130,203,1796,252,2675,387,2541,374,20,16,114,61,251,126,167,129,54,63,24,40,30,39,221,127,129,86,0,19,40,52,42,40,0,19,47,60,1967,465,969,185,524,163,286,98,238,112,445,134,255,97,190,88,998,339,19,29,823,339,123,69,0,19,33,37,8,16
1400000US13031110800,13031110800,"Census Tract 1108, Bulloch County, Georgia",2454,295,2454,295,2140,320,705,100,344,97,361,89,482,96,746,203,707,202,0,13,39,28,40,32,67,83,28,29,0,13,11,13,14,16,47,40,0,13,9,14,35,36,0,13,3,7,314,108,258,77,41,31,34,35,7,12,217,77,176,69,41,39,56,49,0,13,0,13,56,49,0,13,0,13,0,13
1400000US13031110900,13031110900,"Census Tract 1109, Bulloch County, Georgia",7006,568,7006,568,6359,630,1970,191,1118,166,852,157,1504,168,2198,452,2075,449,43,41,80,64,298,182,105,60,28,32,28,39,0,19,169,141,59,44,0,19,0,19,27,27,0,19,32,37,647,225,525,167,280,125,216,103,64,59,245,112,233,113,12,19,122,110,0,19,41,50,37,46,0,19,44,52,0,19
1400000US13033950100,13033950100,"Census Tract 9501, Burke County, Georgia",6183,572,6154,571,5344,607,1286,173,694,181,592,133,872,172,2329,340,2131,354,66,86,132,99,135,103,146,137,17,29,0,19,0,19,465,300,94,91,0,19,60,81,15,26,0,19,19,31,810,219,622,149,387,127,226,98,161,106,235,92,227,90,8,13,188,113,33,41,0,19,122,95,0,19,33,50,29,33
1400000US13033950200,13033950200,"Census Tract 9502, Burke County, Georgia",2631,360,2600,359,2316,354,610,87,353,84,257,68,444,92,817,209,707,205,55,47,55,61,186,112,23,31,33,35,7,14,33,38,87,79,76,70,0,13,47,61,4,9,0,13,25,34,284,124,238,97,87,60,87,60,0,13,151,81,128,78,23,33,46,60,0,13,0,13,0,13,0,13,46,60,31,20
1400000US13033950400,13033950400,"Census Tract 9504, Burke County, Georgia",4717,341,4707,341,4003,377,1113,123,270,69,843,111,390,84,2015,289,1966,288,35,33,14,22,147,72,64,82,61,60,0,13,0,13,131,142,82,64,0,13,0,13,61,52,0,13,21,29,704,161,610,134,317,96,249,90,68,55,293,108,286,108,7,12,94,62,0,13,34,37,33,33,0,13,27,40,10,11
1400000US13033950500,13033950500,"Census Tract 9505, Burke County, Georgia",5015,582,4788,602,4022,646,1028,156,463,122,565,112,713,144,1582,328,1469,322,17,25,96,77,418,348,137,118,45,47,18,29,0,19,81,83,0,19,0,19,0,19,0,19,0,19,0,19,766,193,627,131,207,96,140,78,67,61,420,106,406,104,14,21,139,103,0,19,28,41,98,97,0,19,13,21,227,92
1400000US13033950700,13033950700,"Census Tract 9507, Burke County, Georgia",3066,399,3063,399,2770,412,698,96,365,80,333,85,404,95,1025,255,974,251,12,13,39,30,222,102,167,205,111,87,0,13,17,23,104,110,22,19,0,13,0,13,17,16,0,13,5,10,293,90,262,85,151,69,143,69,8,11,111,47,93,46,18,16,31,24,0,13,0,13,31,24,0,13,0,13,3,2
1400000US13033950900,13033950900,"Census Tract 9509, Burke County, Georgia",1630,250,1630,250,1400,231,426,69,216,62,210,63,309,62,529,123,475,109,9,14,45,39,79,63,10,15,7,11,0,13,0,13,36,36,4,7,0,13,0,13,0,13,0,13,4,7,230,72,223,69,86,48,86,48,0,13,137,55,130,52,7,10,7,10,0,13,0,13,7,10,0,13,0,13,0,13
1400000US13035150100,13035150100,"Census Tract 1501, Butts County, Georgia",8137,549,8122,552,7198,591,2190,209,1469,223,721,197,1862,221,2385,294,2227,302,3,5,155,94,296,174,12,20,78,58,74,91,37,52,86,91,178,128,0,19,0,19,47,41,0,19,131,128,924,234,809,215,493,146,381,137,112,91,316,153,308,150,8,19,115,81,0,19,0,19,115,81,0,19,0,19,15,19
1400000US13035150200,13035150200,"Census Tract 1502, Butts County, Georgia",7918,566,7666,584,6547,539,1968,217,1107,210,861,177,1257,222,2428,324,2320,321,0,19,108,101,391,206,31,34,176,138,0,19,88,87,43,44,165,104,0,19,22,29,143,99,0,19,0,19,1119,287,931,216,436,154,266,114,170,126,495,148,495,148,0,19,188,131,0,19,35,51,107,73,23,38,23,38,252,100
1400000US13035150300,13035150300,"Census Tract 1503, Butts County, Georgia",7616,473,5794,477,5404,492,1525,150,894,178,631,143,1173,167,1807,323,1507,331,31,31,269,170,470,246,5,9,146,102,55,65,21,24,61,44,141,96,37,56,0,19,85,69,0,19,19,30,390,105,373,104,158,82,149,82,9,9,215,86,207,87,8,11,17,14,2,3,0,19,15,13,0,19,0,19,1822,244
1400000US13037950100,13037950100,"Census Tract 9501, Calhoun County, Georgia",3985,815,1462,403,1250,382,457,155,219,107,238,98,353,84,345,189,344,186,1,4,0,13,39,30,25,31,1,3,2,7,1,2,11,16,16,30,0,13,0,13,15,29,0,13,1,3,212,66,207,65,95,52,94,53,1,6,112,45,112,45,0,13,5,7,0,13,0,13,5,7,0,13,0,13,2523,1135
1400000US13037950200,13037950200,"Census Tract 9502, Calhoun County, Georgia",2596,815,2532,814,1965,742,610,310,209,90,401,248,342,109,842,267,803,261,13,18,26,26,126,75,7,24,2,7,0,13,0,13,2,5,34,115,1,3,0,13,30,114,0,13,3,8,567,140,523,124,172,77,155,75,17,20,351,90,326,85,25,26,44,35,0,13,1,5,43,35,0,13,0,13,64,39
1400000US13039010100,13039010100,"Census Tract 101, Camden County, Georgia",2917,390,2917,390,2482,423,835,136,520,142,315,114,616,113,820,211,740,192,0,13,80,86,71,54,8,14,0,13,0,13,41,49,50,49,41,41,0,13,0,13,37,40,0,13,4,11,435,134,406,121,210,95,197,93,13,17,196,73,184,70,12,18,29,32,0,13,0,13,29,32,0,13,0,13,0,13
1400000US13039010200,13039010200,"Census Tract 102, Camden County, Georgia",5382,467,5220,473,4663,507,1634,179,860,192,774,142,1212,190,1513,238,1384,247,72,71,57,36,44,37,27,33,7,10,0,19,0,19,129,90,97,62,0,19,9,14,42,49,0,19,46,36,557,209,420,124,260,116,198,100,62,69,160,70,130,64,30,28,137,124,0,19,0,19,98,90,0,19,39,48,162,103
1400000US13039010301,13039010301,"Census Tract 103.01, Camden County, Georgia",8019,567,8019,567,6886,633,2106,226,1158,191,948,171,1567,260,2471,331,2240,333,123,76,108,102,169,104,108,101,0,19,31,48,63,83,155,147,216,107,0,19,29,51,135,78,0,19,52,54,1133,375,781,217,436,145,281,102,155,107,345,138,264,119,81,68,352,209,47,64,56,67,178,114,0,19,71,93,0,19
1400000US13039010302,13039010302,"Census Tract 103.02, Camden County, Georgia",4385,443,4383,443,3744,483,1121,150,578,135,543,138,824,137,1472,269,1196,268,101,115,175,117,97,74,65,47,17,19,0,13,10,16,4,7,134,55,32,40,8,12,61,36,0,13,33,34,639,236,422,124,200,105,106,82,94,66,222,96,193,90,29,43,217,152,0,13,57,96,63,53,0,13,97,146,2,3
1400000US13039010401,13039010401,"Census Tract 104.01, Camden County, Georgia",10429,767,10413,767,8836,686,2646,217,1377,254,1269,244,1972,246,3665,396,3288,417,66,67,311,168,332,200,0,21,34,36,52,65,0,21,77,64,58,54,0,21,4,13,45,42,0,21,9,15,1577,431,1102,216,688,198,434,144,254,155,414,157,355,159,59,57,475,276,23,30,385,268,67,78,0,21,0,21,16,8
1400000US13039010402,13039010402,"Census Tract 104.02, Camden County, Georgia",4830,418,4826,418,4352,494,1336,150,855,167,481,132,1092,145,1674,311,1573,288,59,66,42,53,71,74,35,60,43,55,0,13,28,38,0,13,73,56,0,13,0,13,53,52,7,12,13,20,474,227,376,162,197,143,141,128,56,76,179,99,155,87,24,31,98,97,0,13,30,53,68,77,0,13,0,13,4,7
1400000US13039010403,13039010403,"Census Tract 104.03, Camden County, Georgia",3762,320,3762,320,3545,326,1189,121,898,135,291,98,1113,140,946,165,785,152,104,122,57,65,92,64,0,13,10,16,10,17,14,24,0,13,171,184,0,13,0,13,33,38,0,13,138,179,217,110,195,91,85,58,65,48,20,32,110,74,110,74,0,13,22,36,0,13,0,13,22,36,0,13,0,13,0,13
1400000US13039010500,13039010500,"Census Tract 105, Camden County, Georgia",2500,382,1593,311,1485,318,412,105,326,102,86,50,387,97,646,148,545,129,0,13,101,68,0,13,4,7,0,13,0,13,0,13,36,59,0,13,0,13,0,13,0,13,0,13,0,13,108,82,108,82,104,82,104,82,0,13,4,7,4,7,0,13,0,13,0,13,0,13,0,13,0,13,0,13,907,253
1400000US13039010601,13039010601,"Census Tract 106.01, Camden County, Georgia",7493,640,7208,635,6169,712,2001,204,983,193,1018,207,1486,232,2199,439,2012,452,50,56,137,116,243,179,35,39,46,62,0,19,26,41,57,50,76,64,11,19,0,19,49,57,0,19,16,26,1039,275,813,210,416,171,260,147,156,101,397,154,372,150,25,27,226,127,0,19,0,19,155,84,0,19,71,72,285,70
1400000US13039010602,13039010602,"Census Tract 106.02, Camden County, Georgia",718,138,716,139,665,136,198,34,102,27,96,41,188,43,219,102,219,102,0,13,0,13,0,13,0,13,0,13,54,31,0,13,0,13,6,9,0,13,0,13,6,9,0,13,0,13,51,41,51,41,3,6,3,6,0,13,48,40,48,40,0,13,0,13,0,13,0,13,0,13,0,13,0,13,2,2
1400000US13039990000,13039990000,"Census Tract 9900, Camden County, Georgia",0,13,0,13,0,13,0,13,0,13,0,13,0,13,0,13,0,13,0,13,0,13,0,13,0,13,0,13,0,13,0,13,0,13,0,13,0,13,0,13,0,13,0,13,0,13,0,13,0,13,0,13,0,13,0,13,0,13,0,13,0,13,0,13,0,13,0,13,0,13,0,13,0,13,0,13
1400000US13043950100,13043950100,"Census Tract 9501, Candler County, Georgia",4986,415,4759,410,4059,455,1206,179,607,176,599,121,786,163,1712,277,1608,269,59,48,45,36,100,73,69,59,71,67,0,13,0,13,21,35,94,77,0,13,0,13,45,52,37,57,12,20,700,209,545,138,126,73,83,53,43,47,419,125,353,117,66,68,155,111,0,13,82,84,23,32,0,13,50,78,227,83
1400000US13043950200,13043950200,"Census Tract 9502, Candler County, Georgia",3468,375,3417,375,2941,391,829,125,433,124,396,88,695,144,957,208,785,208,22,29,150,110,184,91,7,12,14,25,0,13,77,78,45,66,133,108,0,13,77,84,20,26,0,13,36,54,476,201,360,125,154,83,154,83,0,13,206,98,117,56,89,91,116,104,0,13,15,37,58,56,0,13,43,51,51,17
1400000US13043950300,13043950300,"Census Tract 9503, Candler County, Georgia",2553,386,2477,385,2236,400,642,149,342,98,300,138,438,117,674,187,567,146,28,32,79,65,40,42,100,102,96,77,0,13,11,22,95,108,140,91,8,13,0,13,84,57,0,13,48,67,241,117,202,84,79,48,79,48,0,13,123,65,79,39,44,50,39,43,0,13,0,13,39,43,0,13,0,13,76,40
1400000US13045910101,13045910101,"Census Tract 9101.01, Carroll County, Georgia",5940,446,5936,445,5087,472,1584,162,749,140,835,162,949,186,1945,272,1888,269,18,31,39,53,86,77,50,46,149,100,26,29,12,20,44,70,242,106,56,58,74,83,91,80,0,19,21,37,849,195,688,151,336,96,206,92,130,76,352,107,341,104,11,18,161,88,0,19,0,19,133,88,0,19,28,43,4,4
1400000US13045910103,13045910103,"Census Tract 9101.03, Carroll County, Georgia",4749,529,4749,529,4085,603,1313,155,679,155,634,151,916,141,1383,365,1271,355,0,13,112,136,78,78,6,34,64,74,0,13,13,23,14,23,298,317,196,299,0,13,58,62,0,13,44,67,664,236,536,161,249,143,198,128,51,59,287,100,256,98,31,28,128,123,0,13,41,62,43,43,0,13,44,56,0,13
1400000US13045910104,13045910104,"Census Tract 9101.04, Carroll County, Georgia",8870,747,8870,747,7811,806,2152,246,1411,272,741,190,1765,262,3054,371,2760,391,104,108,190,166,197,135,84,63,101,83,59,53,83,97,166,118,150,100,102,93,0,19,48,44,0,19,0,19,1059,272,909,233,315,150,266,143,49,37,594,203,541,198,53,46,150,107,0,19,72,56,30,33,0,19,48,76,0,19
1400000US13045910200,13045910200,"Census Tract 9102, Carroll County, Georgia",12199,883,12197,883,11042,894,3420,277,1890,263,1530,275,2539,266,3998,495,3136,399,205,139,657,330,321,193,93,60,174,130,17,28,5,8,195,109,280,157,11,18,0,21,189,132,0,21,80,73,1155,373,933,275,470,201,327,170,143,124,463,184,394,166,69,65,222,147,27,33,80,123,95,69,0,21,20,31,2,2
1400000US13045910300,13045910300,"Census Tract 9103, Carroll County, Georgia",6293,618,6270,618,5721,654,1722,171,946,118,776,166,1294,150,1836,377,1631,337,132,142,73,66,373,244,20,23,21,23,69,40,66,58,138,82,182,94,29,35,71,80,47,35,0,19,35,30,549,156,489,138,196,82,181,78,15,23,293,108,268,111,25,26,60,60,0,19,23,27,18,24,0,19,19,30,23,17
1400000US13045910400,13045910400,"Census Tract 9104, Carroll County, Georgia",3408,366,3408,366,2828,393,878,105,473,96,405,109,646,121,989,239,945,240,7,12,37,45,145,74,22,24,7,11,0,13,4,8,56,54,81,65,0,13,0,13,44,46,27,39,10,14,580,141,506,105,237,80,168,65,69,62,269,79,266,79,3,5,74,65,9,14,37,52,28,39,0,13,0,13,0,13
1400000US13045910501,13045910501,"Census Tract 9105.01, Carroll County, Georgia",8069,664,5851,614,4404,606,1305,185,661,145,644,155,952,163,1402,291,1291,289,12,21,99,92,86,92,141,115,93,80,0,19,22,35,104,91,299,173,123,151,75,86,60,63,32,47,9,15,1447,351,832,189,520,154,317,122,203,104,312,124,177,95,135,74,615,218,14,22,489,191,26,26,0,19,86,122,2218,294
1400000US13045910502,13045910502,"Census Tract 9105.02, Carroll County, Georgia",2978,474,2966,475,2193,459,593,130,304,116,289,98,250,106,785,245,648,218,0,13,137,156,200,116,89,59,16,23,8,16,31,48,110,74,111,64,0,13,51,45,22,24,0,13,38,41,773,185,477,82,250,77,94,51,156,69,227,81,172,68,55,55,296,138,0,13,173,110,64,45,0,13,59,61,12,24
1400000US13045910600,13045910600,"Census Tract 9106, Carroll County, Georgia",5847,666,5798,661,4949,736,1442,183,862,182,580,172,1001,150,2082,506,1997,518,9,15,76,84,128,83,75,76,67,67,11,18,14,22,60,36,69,69,0,19,37,60,14,23,0,19,18,28,849,264,692,189,371,151,315,143,56,65,321,108,289,98,32,37,157,142,37,61,17,28,18,28,0,19,85,108,49,52
1400000US13045910701,13045910701,"Census Tract 9107.01, Carroll County, Georgia",9499,791,8671,742,7707,743,2405,227,1488,221,917,243,1865,228,2943,464,2758,501,48,45,137,127,186,140,21,33,77,51,4,9,16,24,64,76,126,108,14,23,14,23,78,97,0,19,20,29,964,318,665,194,324,147,119,77,205,126,341,116,280,100,61,49,299,157,51,61,74,95,111,87,10,17,53,59,828,358
1400000US13045910702,13045910702,"Census Tract 9107.02, Carroll County, Georgia",6850,578,6848,578,6221,631,2025,208,1371,192,654,181,1765,236,2021,320,1826,326,17,26,178,105,103,58,42,47,50,38,83,73,20,31,31,49,81,68,0,19,18,27,52,56,0,19,11,18,627,187,536,153,347,134,306,140,41,38,189,78,189,78,0,19,91,100,41,64,17,29,8,12,0,19,25,29,2,2
1400000US13045910703,13045910703,"Census Tract 9107.03, Carroll County, Georgia",8065,651,7942,647,6942,657,2086,217,929,208,1157,228,1390,232,2504,344,2244,357,34,45,226,128,308,182,57,49,96,64,86,81,52,49,155,94,208,134,28,43,59,72,94,89,15,25,12,22,1000,255,843,192,350,144,227,123,123,92,493,127,493,127,0,19,157,122,23,34,17,29,102,95,0,19,15,25,123,94
1400000US13045910800,13045910800,"Census Tract 9108, Carroll County, Georgia",4177,375,4177,375,3883,404,1137,121,800,123,337,93,859,110,1367,242,1185,217,97,119,85,89,173,139,89,67,12,15,18,22,26,26,172,99,30,24,0,13,9,13,21,20,0,13,0,13,294,95,275,86,108,43,91,38,17,22,167,70,167,70,0,13,19,21,0,13,0,13,19,21,0,13,0,13,0,13
1400000US13045910900,13045910900,"Census Tract 9109, Carroll County, Georgia",4069,556,4069,556,3735,588,1014,122,698,97,316,111,786,96,1291,236,1108,234,15,20,168,127,263,197,4,5,12,19,31,38,73,72,125,104,136,94,6,8,1,4,65,64,0,13,64,65,334,114,329,115,215,91,211,92,4,7,114,87,114,87,0,13,5,8,0,13,0,13,5,8,0,13,0,13,0,13
1400000US13045911000,13045911000,"Census Tract 9110, Carroll County, Georgia",6276,532,6244,531,5580,593,1782,201,1126,188,656,175,1345,194,1988,306,1872,292,61,77,55,61,70,110,49,63,76,65,33,39,0,19,137,144,100,67,0,19,0,19,81,68,0,19,19,28,664,243,525,166,196,109,126,80,70,73,329,112,254,84,75,74,139,104,13,20,46,69,50,58,0,19,30,36,32,18
1400000US13045911100,13045911100,"Census Tract 9111, Carroll County, Georgia",7539,684,7258,674,5390,748,1743,251,928,207,815,201,1167,202,1876,386,1790,372,48,54,38,60,71,50,14,22,119,96,0,19,0,19,97,88,303,151,0,19,0,19,247,137,0,19,56,73,1868,493,1317,244,681,189,426,128,255,143,636,188,479,134,157,142,551,328,122,151,213,174,180,125,0,19,36,45,281,119
1400000US13045911200,13045911200,"Census Tract 9112, Carroll County, Georgia",5922,615,5904,616,5271,660,1667,168,769,176,898,157,1258,176,1752,352,1469,290,29,35,254,161,213,103,8,14,69,56,0,19,0,19,148,131,156,121,3,5,0,19,96,91,0,19,57,85,633,189,584,170,293,125,277,125,16,19,291,94,259,90,32,39,49,47,11,18,12,19,3,4,0,19,23,36,18,26
1400000US13047030100,13047030100,"Census Tract 301, Catoosa County, Georgia",6746,653,6727,655,6025,651,1742,184,1150,177,592,168,1366,174,1961,370,1716,343,72,115,173,100,207,133,46,73,152,122,43,47,0,19,188,150,320,243,0,19,0,19,142,114,0,19,178,167,702,270,532,173,240,121,205,112,35,41,292,127,269,125,23,37,170,179,0,19,57,62,41,67,0,19,72,109,19,8
1400000US13047030201,13047030201,"Census Tract 302.01, Catoosa County, Georgia",4997,466,4784,458,4152,455,1256,139,621,142,635,134,815,148,1375,226,1329,215,0,13,46,35,329,196,87,71,51,41,15,25,139,101,18,30,67,63,0,13,32,53,10,16,12,20,13,21,632,174,589,161,150,62,150,62,0,13,439,137,395,138,44,49,43,53,0,13,0,13,43,53,0,13,0,13,213,80
1400000US13047030202,13047030202,"Census Tract 302.02, Catoosa County, Georgia",6108,562,6108,562,5456,572,1585,164,958,153,627,178,1325,140,2185,389,1889,372,13,21,283,209,77,68,0,19,48,48,21,34,14,23,67,99,134,84,0,19,46,50,45,43,0,19,43,47,652,205,563,159,227,133,199,135,28,35,336,133,273,116,63,77,89,82,0,19,0,19,89,82,0,19,0,19,0,19
1400000US13047030301,13047030301,"Census Tract 303.01, Catoosa County, Georgia",7107,526,7080,524,6291,640,1911,201,1351,208,560,163,1525,207,2302,341,1751,301,22,26,529,262,224,145,28,46,71,55,0,19,17,28,0,19,213,158,15,23,75,119,0,19,0,19,123,137,789,253,640,177,232,107,213,100,19,34,408,132,307,110,101,85,149,109,0,19,63,68,67,82,0,19,19,29,27,25
1400000US13047030303,13047030303,"Census Tract 303.03, Catoosa County, Georgia",3929,352,3929,352,3691,416,1100,106,577,138,523,120,883,133,1342,239,1069,232,52,70,221,120,112,99,0,13,60,92,0,13,39,38,0,13,155,127,0,13,51,80,61,75,0,13,43,68,238,120,201,89,114,71,90,55,24,38,87,52,87,52,0,13,37,48,0,13,37,48,0,13,0,13,0,13,0,13
1400000US13047030304,13047030304,"Census Tract 303.04, Catoosa County, Georgia",3514,356,3511,356,3416,369,1093,120,606,152,487,147,914,155,1189,228,1097,207,51,79,41,37,70,69,16,24,11,18,24,31,0,13,76,83,23,23,0,13,10,17,13,16,0,13,0,13,95,63,86,59,19,27,19,27,0,13,67,49,62,47,5,10,9,15,0,13,9,15,0,13,0,13,0,13,3,6
1400000US13047030401,13047030401,"Census Tract 304.01, Catoosa County, Georgia",7338,444,7253,443,6666,485,1947,161,1297,187,650,167,1552,188,2326,251,2046,251,126,68,154,84,346,169,126,124,63,57,27,33,22,35,168,167,89,98,0,19,0,19,0,19,0,19,89,98,587,171,480,138,218,100,177,98,41,39,262,124,194,109,68,63,107,68,0,19,20,34,54,39,0,19,33,41,85,47
1400000US13047030402,13047030402,"Census Tract 304.02, Catoosa County, Georgia",5645,439,5645,439,5072,462,1637,159,1183,173,454,134,1303,175,1570,261,1481,262,20,29,69,65,99,78,34,53,42,49,20,31,12,21,183,155,172,141,0,19,44,66,41,48,0,19,87,82,573,139,495,120,202,88,187,85,15,23,293,105,266,106,27,27,78,69,0,19,37,47,14,26,0,19,27,43,0,19
1400000US13047030500,13047030500,"Census Tract 305, Catoosa County, Georgia",5719,592,5719,592,4550,635,1488,174,820,176,668,146,895,163,1709,344,1465,334,46,51,198,208,139,122,50,49,28,45,45,48,0,19,74,75,122,106,0,19,0,19,122,106,0,19,0,19,1169,200,1051,178,289,101,233,100,56,46,762,168,720,166,42,41,118,72,24,39,19,30,64,48,0,19,11,19,0,19
1400000US13047030600,13047030600,"Census Tract 306, Catoosa County, Georgia",5183,444,5183,444,4502,495,1395,145,815,151,580,154,1020,160,1550,364,1346,353,53,56,151,122,152,90,35,42,80,68,17,28,22,35,67,65,164,94,78,83,21,34,25,34,0,19,40,40,681,174,636,161,289,127,267,124,22,27,347,106,311,101,36,42,45,38,0,19,13,22,32,30,0,19,0,19,0,19
1400000US13047030700,13047030700,"Census Tract 307, Catoosa County, Georgia",7940,529,7697,533,6402,622,2151,194,1331,206,820,199,1632,239,2152,355,2040,307,0,19,112,116,137,125,99,118,40,47,0,19,0,19,15,23,176,136,0,19,38,50,66,71,0,19,72,68,1295,295,1230,283,495,179,444,173,51,58,735,206,725,206,10,11,65,56,11,18,0,19,54,54,0,19,0,19,243,112
1400000US13049010100,13049010100,"Census Tract 101, Charlton County, Georgia",9891,443,8400,634,7331,651,1909,224,1127,214,782,182,1319,193,3000,412,2781,417,58,68,161,156,312,146,212,143,183,132,36,51,18,27,236,159,106,67,34,50,17,29,19,23,0,19,36,34,1069,287,931,213,442,163,381,156,61,55,489,123,485,123,4,6,138,146,31,52,89,130,18,25,0,19,0,19,1491,501
1400000US13049010200,13049010200,"Census Tract 102, Charlton County, Georgia",3063,443,3063,443,2718,524,668,129,342,93,326,109,520,125,967,279,833,258,73,103,61,61,57,91,106,103,54,72,0,13,102,148,67,67,177,129,0,13,0,13,7,13,0,13,170,130,345,167,247,94,132,80,111,71,21,31,115,62,100,54,15,25,98,103,0,13,46,65,0,13,0,13,52,73,0,13
1400000US13051000100,13051000100,"Census Tract 1, Chatham County, Georgia",1699,443,938,174,901,193,252,45,16,24,236,50,3,5,632,154,618,155,14,22,0,13,0,13,0,13,0,13,0,13,0,13,4,8,10,17,0,13,3,6,7,14,0,13,0,13,37,34,37,34,26,31,26,31,0,13,11,21,11,21,0,13,0,13,0,13,0,13,0,13,0,13,0,13,761,348
1400000US13051000300,13051000300,"Census Tract 3, Chatham County, Georgia",1759,296,983,189,208,97,86,34,53,33,33,18,71,33,51,52,51,52,0,13,0,13,0,13,0,13,0,13,0,13,0,13,0,13,0,13,0,13,0,13,0,13,0,13,0,13,775,178,539,102,251,87,152,71,99,60,288,86,230,89,58,51,236,120,68,80,106,94,34,24,0,13,28,34,776,198
1400000US13051000601,13051000601,"Census Tract 6.01, Chatham County, Georgia",3140,798,2361,516,1789,533,484,108,159,81,325,92,254,89,593,262,536,229,13,21,44,68,219,179,101,78,46,58,0,13,0,13,23,30,69,84,0,13,0,13,0,13,23,38,46,74,572,173,480,124,142,82,114,77,28,27,338,119,291,105,47,46,92,76,43,69,5,9,44,30,0,13,0,13,779,597
1400000US13051000900,13051000900,"Census Tract 9, Chatham County, Georgia",979,134,974,134,447,150,195,65,119,51,76,43,178,66,46,41,46,41,0,13,0,13,0,13,22,34,0,13,0,13,0,13,0,13,6,10,6,10,0,13,0,13,0,13,0,13,527,80,515,77,252,72,244,71,8,11,263,68,259,67,4,6,12,12,0,13,0,13,12,12,0,13,0,13,5,8
1400000US13051001100,13051001100,"Census Tract 11, Chatham County, Georgia",2360,261,2352,259,1706,262,483,76,126,70,357,69,136,60,832,214,832,214,0,13,0,13,77,56,0,13,17,27,0,13,0,13,12,12,149,162,0,13,0,13,40,45,0,13,109,162,646,200,396,87,243,81,156,70,87,49,153,56,133,56,20,16,250,152,54,87,161,133,35,28,0,13,0,13,8,11
1400000US13051001200,13051001200,"Census Tract 12, Chatham County, Georgia",1727,306,1727,306,1498,303,429,79,43,35,386,76,114,75,817,195,788,194,0,13,29,39,93,80,0,13,0,13,0,13,0,13,13,22,32,50,0,13,19,30,13,21,0,13,0,13,229,60,229,60,36,24,36,24,0,13,193,58,193,58,0,13,0,13,0,13,0,13,0,13,0,13,0,13,0,13
1400000US13051001500,13051001500,"Census Tract 15, Chatham County, Georgia",1186,308,1175,308,468,303,128,54,33,30,95,45,67,37,188,162,166,150,0,13,22,34,33,53,0,13,0,13,52,83,0,13,0,13,0,13,0,13,0,13,0,13,0,13,0,13,707,123,516,70,235,54,185,48,50,41,281,71,212,62,69,34,191,85,65,49,72,61,54,42,0,13,0,13,11,13
1400000US13051002000,13051002000,"Census Tract 20, Chatham County, Georgia",1670,283,1663,282,876,205,281,83,86,49,195,74,95,51,301,160,301,160,0,13,0,13,134,110,12,13,6,11,0,13,0,13,34,52,13,15,0,13,0,13,4,6,0,13,9,17,787,269,407,104,228,90,125,67,103,63,179,75,137,66,42,41,380,212,276,211,59,61,39,43,0,13,6,11,7,6
1400000US13051002100,13051002100,"Census Tract 21, Chatham County, Georgia",2533,476,2533,476,2092,481,532,92,84,60,448,87,193,91,1001,305,1001,305,0,13,0,13,221,114,43,53,25,42,0,13,10,22,45,70,22,37,0,13,0,13,4,12,0,13,18,34,441,137,330,90,208,83,175,73,33,40,122,57,100,53,22,24,111,86,59,59,17,27,10,16,0,13,25,40,0,13
1400000US13051002200,13051002200,"Census Tract 22, Chatham County, Georgia",4912,468,4908,469,3850,474,1049,119,352,113,697,119,434,115,1608,358,1523,359,60,42,25,39,479,191,28,45,30,35,0,13,28,43,19,28,175,105,42,71,0,13,69,52,10,18,54,49,1058,317,800,154,447,127,380,119,67,59,353,136,286,109,67,69,258,234,22,36,168,214,68,64,0,13,0,13,4,5
1400000US13051002300,13051002300,"Census Tract 23, Chatham County, Georgia",1996,389,1996,389,1453,433,381,94,92,56,289,88,107,54,595,185,557,184,0,13,38,42,62,67,125,106,34,55,0,13,0,13,65,71,84,99,0,13,0,13,38,48,0,13,46,52,543,167,442,109,192,83,177,80,15,20,250,90,232,87,18,22,101,106,0,13,42,71,30,31,0,13,29,48,0,13
1400000US13051002600,13051002600,"Census Tract 26, Chatham County, Georgia",1274,202,1250,199,1043,206,359,76,138,73,221,67,233,78,293,101,254,107,27,31,12,19,55,64,55,58,5,12,0,13,0,13,30,31,13,20,0,13,13,20,0,13,0,13,0,13,207,94,152,60,44,30,41,30,3,5,108,62,88,58,20,19,55,55,30,48,21,27,0,13,0,13,4,6,24,23
1400000US13051002700,13051002700,"Census Tract 27, Chatham County, Georgia",2981,491,2981,491,2570,539,712,125,272,107,440,97,328,97,1167,399,955,287,76,66,136,173,200,112,38,40,28,39,0,13,0,13,58,56,39,50,31,48,0,13,8,13,0,13,0,13,411,130,359,110,140,68,114,67,26,32,219,88,195,85,24,30,52,44,0,13,15,28,37,36,0,13,0,13,0,13
1400000US13051002800,13051002800,"Census Tract 28, Chatham County, Georgia",2701,378,2484,358,1908,342,512,96,112,66,400,71,133,63,703,177,703,177,0,13,0,13,129,80,139,81,70,69,0,13,0,13,156,93,66,59,26,39,0,13,28,36,0,13,12,23,576,194,431,106,122,65,49,40,73,55,309,86,302,87,7,12,145,126,16,26,95,118,34,35,0,13,0,13,217,177
1400000US13051002900,13051002900,"Census Tract 29, Chatham County, Georgia",2848,305,2848,305,2027,366,670,123,338,84,332,108,556,112,668,168,641,163,11,16,16,22,0,13,0,13,0,13,0,13,21,33,6,10,106,74,59,49,36,55,11,15,0,13,0,13,821,191,665,140,282,108,214,94,68,44,383,107,362,106,21,20,156,89,0,13,117,82,39,34,0,13,0,13,0,13
1400000US13051003000,13051003000,"Census Tract 30, Chatham County, Georgia",2072,268,2069,268,1388,262,481,82,266,77,215,78,404,77,387,109,344,100,17,23,26,27,14,17,43,68,31,46,0,13,6,9,15,21,7,10,0,13,0,13,7,10,0,13,0,13,681,177,463,86,219,73,192,72,27,23,244,71,160,57,84,53,218,142,0,13,148,119,60,36,0,13,10,15,3,3
1400000US13051003301,13051003301,"Census Tract 33.01, Chatham County, Georgia",2158,287,2158,287,1691,345,488,76,202,82,286,73,197,80,728,277,615,246,94,127,19,32,114,95,42,33,9,15,0,13,20,33,58,49,35,42,0,13,0,13,16,26,0,13,19,33,467,168,370,90,146,66,146,66,0,13,224,76,163,65,61,66,97,106,0,13,74,101,4,7,19,30,0,13,0,13
1400000US13051003302,13051003302,"Census Tract 33.02, Chatham County, Georgia",1764,258,1764,258,1577,304,472,78,236,90,236,78,283,89,480,186,453,187,22,34,5,12,189,113,48,41,0,13,0,13,0,13,105,134,0,13,0,13,0,13,0,13,0,13,0,13,187,67,187,67,61,46,61,46,0,13,126,56,126,56,0,13,0,13,0,13,0,13,0,13,0,13,0,13,0,13
1400000US13051003400,13051003400,"Census Tract 34, Chatham County, Georgia",4391,428,4170,420,3040,493,951,149,451,132,500,126,564,146,1060,262,1019,242,0,13,41,65,248,120,28,34,18,30,0,13,54,68,59,62,58,53,0,13,0,13,58,53,0,13,0,13,1130,277,765,142,447,131,275,97,172,96,318,95,288,95,30,28,365,196,43,72,200,164,122,70,0,13,0,13,221,107
1400000US13051003501,13051003501,"Census Tract 35.01, Chatham County, Georgia",2641,385,2629,386,1977,434,546,103,256,93,290,96,185,88,867,268,842,259,0,13,25,39,137,128,55,71,113,95,0,13,56,69,0,13,18,27,0,13,0,13,6,9,12,18,0,13,652,151,550,109,241,75,196,67,45,40,309,87,274,84,35,29,102,66,31,35,20,23,51,43,0,13,0,13,12,14
1400000US13051003502,13051003502,"Census Tract 35.02, Chatham County, Georgia",3818,416,3818,416,3421,469,1027,113,346,94,681,121,536,129,1328,308,1266,299,23,38,39,46,284,185,70,68,102,85,0,13,10,19,16,24,48,45,31,35,0,13,17,29,0,13,0,13,397,129,353,107,99,53,89,51,10,16,254,100,240,98,14,18,44,49,0,13,30,36,14,17,0,13,0,13,0,13
1400000US13051003601,13051003601,"Census Tract 36.01, Chatham County, Georgia",2543,385,2534,385,2119,436,671,127,348,117,323,88,269,105,832,249,832,249,0,13,0,13,66,57,159,144,0,13,0,13,0,13,73,62,49,79,31,50,0,13,18,30,0,13,0,13,415,114,373,103,216,93,181,88,35,40,157,68,150,67,7,12,42,41,0,13,12,22,30,35,0,13,0,13,9,5
1400000US13051003602,13051003602,"Census Tract 36.02, Chatham County, Georgia",4991,556,4974,558,3739,684,1117,181,530,150,587,130,771,182,1359,367,1256,376,0,13,103,118,161,114,130,157,72,88,0,13,12,19,19,31,98,77,0,13,0,13,46,46,0,13,52,61,1235,354,763,161,337,111,246,99,91,65,426,122,283,99,143,91,472,251,136,151,224,196,100,73,0,13,12,19,17,10
1400000US13051003700,13051003700,"Census Tract 37, Chatham County, Georgia",1358,182,1354,183,1165,184,334,58,93,48,241,55,120,50,548,111,523,109,25,31,0,13,69,69,21,19,41,56,16,25,0,13,12,19,4,7,0,13,0,13,4,7,0,13,0,13,189,67,156,56,101,51,77,47,24,23,55,38,55,38,0,13,33,32,15,24,0,13,14,18,0,13,4,9,4,3
1400000US13051003800,13051003800,"Census Tract 38, Chatham County, Georgia",2538,331,2534,330,2129,317,601,89,300,77,301,71,306,75,895,199,883,201,6,9,6,11,102,96,55,69,34,40,0,13,3,9,26,28,107,80,0,13,12,24,91,73,0,13,4,9,405,207,260,84,126,75,90,63,36,44,134,58,108,48,26,32,145,149,88,143,38,49,4,7,0,13,15,23,4,3
1400000US13051003900,13051003900,"Census Tract 39, Chatham County, Georgia",4055,438,3951,423,3205,401,840,110,474,79,366,117,485,110,1511,291,1511,291,0,13,0,13,151,116,76,57,82,74,23,35,20,31,8,19,9,17,0,13,0,13,9,17,0,13,0,13,746,244,487,106,182,65,118,57,64,47,305,87,255,94,50,58,259,193,100,100,45,68,7,12,0,13,107,100,104,99
1400000US13051004001,13051004001,"Census Tract 40.01, Chatham County, Georgia",4467,533,4410,526,3156,530,1047,157,589,124,458,131,771,128,958,268,909,260,38,42,11,19,123,143,48,54,24,38,65,99,0,13,108,96,12,20,0,13,12,20,0,13,0,13,0,13,1254,362,871,169,324,110,180,76,144,89,547,132,505,125,42,39,383,279,197,264,67,72,97,69,0,13,22,34,57,54
1400000US13051004002,13051004002,"Census Tract 40.02, Chatham County, Georgia",4058,498,3948,495,2584,553,703,151,294,116,409,130,440,132,1083,281,1083,281,0,13,0,13,133,132,12,18,12,20,0,13,0,13,201,173,0,13,0,13,0,13,0,13,0,13,0,13,1364,251,1034,158,489,142,350,127,139,89,545,114,489,111,56,56,330,166,123,126,151,121,18,20,0,13,38,61,110,52
1400000US13051004100,13051004100,"Census Tract 41, Chatham County, Georgia",1818,250,1804,249,1439,281,428,86,201,60,227,81,278,69,625,162,470,107,69,79,86,75,31,30,30,48,0,13,0,13,0,13,0,13,47,39,0,13,0,13,25,25,0,13,22,27,365,101,299,79,162,71,129,73,33,27,137,57,132,56,5,9,66,61,0,13,44,56,22,21,0,13,0,13,14,15
1400000US13051004207,13051004207,"Census Tract 42.07, Chatham County, Georgia",4344,446,4276,439,3612,475,1001,115,365,103,636,105,618,123,1544,319,1525,319,11,17,8,18,155,139,65,89,42,58,19,30,28,42,59,65,81,66,0,13,13,21,61,63,0,13,7,16,664,171,568,123,259,116,195,100,64,56,309,84,293,78,16,26,96,77,0,13,12,19,49,46,0,13,35,46,68,28
1400000US13051004208,13051004208,"Census Tract 42.08, Chatham County, Georgia",5515,675,5415,669,4155,725,1211,167,607,144,604,149,706,155,1408,298,1359,277,36,54,13,22,194,139,187,125,109,108,0,19,55,80,142,141,143,138,0,19,0,19,93,71,0,19,50,77,1260,299,708,154,440,123,275,114,165,72,268,100,179,86,89,55,552,232,162,136,165,127,82,62,0,19,143,187,100,107
1400000US13051004209,13051004209,"Census Tract 42.09, Chatham County, Georgia",3747,414,3740,414,2761,469,842,152,319,124,523,131,421,123,1136,295,1126,294,0,13,10,15,104,113,58,91,85,76,68,96,0,13,21,35,26,41,0,13,0,13,26,41,0,13,0,13,979,279,687,166,300,133,300,133,0,13,387,137,232,117,155,95,292,190,105,150,131,128,56,62,0,13,0,13,7,5
1400000US13051004210,13051004210,"Census Tract 42.10, Chatham County, Georgia",4344,618,4341,618,3555,665,1022,181,468,133,554,154,355,132,1374,378,1238,397,105,132,31,38,118,108,132,81,96,106,0,13,13,30,171,128,274,137,0,13,9,18,161,96,0,13,104,94,786,187,729,178,326,134,306,130,20,23,403,152,384,155,19,21,57,51,0,13,8,13,27,27,0,13,22,38,3,7
1400000US13051004211,13051004211,"Census Tract 42.11, Chatham County, Georgia",5297,574,5163,564,4428,651,1247,180,735,187,512,167,773,156,1623,401,1268,288,316,328,39,53,343,179,105,123,0,19,0,19,76,79,69,78,192,157,35,53,113,139,23,37,0,19,21,36,735,190,627,157,327,117,267,112,60,45,300,109,282,104,18,22,108,71,40,65,34,39,34,34,0,19,0,19,134,93
1400000US13051004212,13051004212,"Census Tract 42.12, Chatham County, Georgia",5754,649,5128,535,3872,504,1246,158,594,172,652,175,944,152,1003,294,975,303,0,19,28,42,281,222,61,69,20,37,0,19,0,19,203,242,114,134,70,111,0,19,14,22,0,19,30,51,1256,344,915,178,388,144,305,139,83,62,527,162,464,159,63,63,341,258,0,19,18,41,125,82,0,19,198,196,626,420
1400000US13051004300,13051004300,"Census Tract 43, Chatham County, Georgia",2137,279,1823,274,1772,288,429,70,323,75,106,42,363,75,973,179,811,173,30,35,132,88,3,6,0,13,0,13,0,13,0,13,4,8,0,13,0,13,0,13,0,13,0,13,0,13,51,39,51,39,47,43,47,43,0,13,4,9,4,9,0,13,0,13,0,13,0,13,0,13,0,13,0,13,314,58
1400000US13051004400,13051004400,"Census Tract 44, Chatham County, Georgia",2547,408,2547,408,2228,443,580,97,121,52,459,94,173,68,1182,292,1141,282,0,13,41,68,200,148,6,9,33,30,17,26,0,13,0,13,37,40,37,40,0,13,0,13,0,13,0,13,319,115,236,80,155,85,138,80,17,23,81,44,53,35,28,26,83,70,44,60,19,37,20,24,0,13,0,13,0,13
1400000US13051004500,13051004500,"Census Tract 45, Chatham County, Georgia",3830,376,3796,375,3369,412,970,112,378,115,592,124,547,132,1280,241,1268,241,0,13,12,17,185,142,92,52,152,121,22,36,0,13,91,67,30,28,0,13,0,13,17,20,13,20,0,13,427,104,404,96,140,69,133,68,7,12,264,84,248,82,16,18,23,20,0,13,0,13,23,20,0,13,0,13,34,25
1400000US13051010101,13051010101,"Census Tract 101.01, Chatham County, Georgia",873,264,873,264,789,261,260,70,70,39,190,67,119,33,384,181,384,181,0,13,0,13,8,11,0,13,7,10,0,13,0,13,11,17,0,13,0,13,0,13,0,13,0,13,0,13,84,33,84,33,0,13,0,13,0,13,84,33,84,33,0,13,0,13,0,13,0,13,0,13,0,13,0,13,0,13
1400000US13051010102,13051010102,"Census Tract 101.02, Chatham County, Georgia",4408,488,3034,253,2155,309,771,123,349,105,422,103,455,104,867,175,835,181,0,13,32,49,0,13,0,13,10,16,11,16,0,13,5,9,36,50,0,13,31,50,5,8,0,13,0,13,879,221,583,127,259,94,191,80,68,45,324,94,240,80,84,46,296,140,133,119,94,72,33,24,0,13,36,40,1374,432
1400000US13051010200,13051010200,"Census Tract 102, Chatham County, Georgia",4579,293,4499,292,4151,354,1227,99,621,119,606,107,864,116,1692,219,1505,209,55,46,132,102,171,99,0,13,67,83,9,17,0,13,42,41,79,70,36,56,0,13,32,38,0,13,11,18,348,114,317,97,135,62,135,62,0,13,182,69,164,67,18,22,31,38,0,13,12,19,0,13,0,13,19,32,80,101
1400000US13051010501,13051010501,"Census Tract 105.01, Chatham County, Georgia",5487,640,4656,596,3595,582,968,148,464,139,504,119,600,149,1436,380,1428,379,0,19,8,13,185,158,131,106,55,64,0,19,0,19,146,115,74,82,0,19,68,82,6,10,0,19,0,19,1061,333,726,170,328,141,218,89,110,96,398,128,305,111,93,66,335,199,63,86,106,85,90,80,0,19,76,95,831,133
1400000US13051010502,13051010502,"Census Tract 105.02, Chatham County, Georgia",3857,427,3853,427,3516,480,1016,121,410,102,606,134,479,121,1473,324,1367,283,50,48,56,72,154,173,70,51,36,31,38,61,0,13,202,131,48,52,22,36,0,13,6,11,0,13,20,33,337,122,287,97,95,48,79,43,16,26,192,79,161,72,31,31,50,42,0,13,0,13,40,37,0,13,10,16,4,4
1400000US13051010601,13051010601,"Census Tract 106.01, Chatham County, Georgia",4677,546,4674,546,3694,632,1009,144,414,123,595,148,579,127,1408,371,1341,351,0,13,67,71,206,114,19,30,188,138,0,13,15,27,225,194,45,48,0,13,0,13,45,48,0,13,0,13,980,267,808,206,518,175,428,166,90,81,290,106,264,99,26,31,172,124,73,94,0,13,62,67,0,13,37,40,3,2
1400000US13051010603,13051010603,"Census Tract 106.03, Chatham County, Georgia",1779,288,1779,288,1443,297,482,99,165,67,317,85,230,92,589,149,516,135,46,72,27,33,23,22,0,13,5,11,0,13,0,13,4,7,110,85,0,13,30,45,80,72,0,13,0,13,336,92,311,86,184,69,174,68,10,11,127,58,114,55,13,14,25,20,5,9,0,13,12,14,0,13,8,14,0,13
1400000US13051010605,13051010605,"Census Tract 106.05, Chatham County, Georgia",9,13,9,13,0,13,0,13,0,13,0,13,0,13,0,13,0,13,0,13,0,13,0,13,0,13,0,13,0,13,0,13,0,13,0,13,0,13,0,13,0,13,0,13,0,13,9,13,9,13,9,13,9,13,0,13,0,13,0,13,0,13,0,13,0,13,0,13,0,13,0,13,0,13,0,13
1400000US13051010700,13051010700,"Census Tract 107, Chatham County, Georgia",15930,1328,14422,1287,11624,1316,3492,402,2422,307,1070,294,2663,333,4422,610,3991,626,136,140,295,228,291,190,220,176,90,85,11,20,40,63,132,129,263,140,72,82,0,21,129,98,0,21,62,58,2798,531,2123,420,1090,236,916,230,174,98,1033,333,809,313,224,133,675,280,140,118,187,178,239,113,0,21,109,138,1508,174
1400000US13051010801,13051010801,"Census Tract 108.01, Chatham County, Georgia",2724,60,2724,60,2186,163,652,61,399,65,253,69,538,59,782,108,741,118,20,23,21,19,92,54,23,24,27,20,0,13,16,26,11,17,45,33,8,13,0,13,21,17,5,8,11,16,538,149,372,92,186,83,119,60,67,49,186,82,160,80,26,29,166,97,45,72,77,52,27,29,0,13,17,19,0,13
1400000US13051010802,13051010802,"Census Tract 108.02, Chatham County, Georgia",7633,655,7621,655,6483,710,1851,190,962,187,889,205,1361,181,2478,417,2069,359,43,50,366,219,264,232,0,19,135,132,18,27,56,54,189,147,131,139,0,19,31,52,50,46,0,19,50,81,1138,221,918,184,605,164,541,166,64,51,313,120,230,112,83,52,220,105,0,19,88,78,132,73,0,19,0,19,12,15
1400000US13051010803,13051010803,"Census Tract 108.03, Chatham County, Georgia",9746,706,9669,701,8352,814,2316,212,1423,234,893,189,1959,228,3481,523,3240,518,103,86,138,106,56,63,138,99,200,112,17,32,0,19,43,71,142,80,0,19,0,19,142,80,0,19,0,19,1317,343,1089,264,591,236,406,190,185,136,498,152,466,153,32,51,228,145,28,44,36,57,164,117,0,19,0,19,77,62
1400000US13051010806,13051010806,"Census Tract 108.06, Chatham County, Georgia",6080,584,6080,584,4987,707,1593,252,729,184,864,238,1085,235,1614,298,1471,297,35,53,108,95,151,152,241,172,91,88,14,30,16,30,36,29,146,120,78,112,43,50,25,27,0,19,0,19,1093,294,797,195,471,158,368,140,103,88,326,113,207,93,119,62,296,145,27,43,51,50,125,89,69,108,24,36,0,19
1400000US13051010807,13051010807,"Census Tract 108.07, Chatham County, Georgia",4480,549,4478,549,3616,609,1150,169,678,141,472,133,894,165,1293,333,1269,322,0,13,24,40,73,56,0,13,83,80,0,13,43,62,19,31,61,60,0,13,0,13,61,60,0,13,0,13,862,218,713,181,303,187,279,188,24,32,410,141,312,126,98,82,149,115,0,13,115,109,34,36,0,13,0,13,2,2
1400000US13051010808,13051010808,"Census Tract 108.08, Chatham County, Georgia",10029,857,10029,857,8169,954,2470,276,1295,215,1175,241,1619,243,3373,639,2950,608,137,147,286,236,73,60,86,76,68,59,0,21,105,107,70,68,305,183,0,21,31,51,235,171,0,21,39,48,1860,491,1186,230,561,236,306,145,255,190,625,190,489,160,136,110,674,353,324,331,123,127,200,144,0,21,27,48,0,21
1400000US13051010809,13051010809,"Census Tract 108.09, Chatham County, Georgia",9387,851,9378,852,7569,1022,2329,255,1341,224,988,209,1593,243,3129,691,2821,657,62,70,246,188,184,136,0,19,175,114,54,72,25,42,36,47,44,63,0,19,39,62,5,9,0,19,0,19,1809,473,1478,307,518,197,393,182,125,88,960,273,818,194,142,179,331,222,0,19,60,86,262,208,0,19,9,14,9,9
1400000US13051010901,13051010901,"Census Tract 109.01, Chatham County, Georgia",4395,491,4300,483,2926,547,883,162,421,151,462,132,387,137,1162,331,1162,331,0,13,0,13,49,56,40,52,100,84,0,13,0,13,176,185,129,72,11,17,39,45,65,53,14,29,0,13,1374,342,980,153,357,111,250,98,107,69,623,124,591,126,32,28,394,277,108,181,208,218,37,36,0,13,41,43,95,66
1400000US13051011003,13051011003,"Census Tract 110.03, Chatham County, Georgia",5757,454,5705,454,4838,502,1758,172,1056,199,702,166,1289,175,1330,288,1316,288,14,23,0,19,157,107,52,83,99,96,54,83,27,41,0,19,72,74,0,19,0,19,45,58,0,19,27,46,867,265,614,165,271,144,221,137,50,40,343,107,262,103,81,72,253,179,51,80,93,88,58,62,0,19,51,60,52,30
1400000US13051011004,13051011004,"Census Tract 110.04, Chatham County, Georgia",3439,334,3439,334,2989,420,994,133,615,116,379,102,882,129,994,197,917,192,45,43,32,38,50,41,7,13,0,13,0,13,0,13,28,34,34,38,0,13,0,13,11,16,0,13,23,35,450,150,389,117,98,61,82,57,16,18,291,105,245,93,46,50,61,56,0,13,0,13,61,56,0,13,0,13,0,13
1400000US13051011005,13051011005,"Census Tract 110.05, Chatham County, Georgia",4353,299,4353,299,3865,315,1597,144,1059,196,538,177,1579,139,636,114,636,114,0,13,0,13,0,13,0,13,36,53,0,13,0,13,17,28,0,13,0,13,0,13,0,13,0,13,0,13,488,128,441,117,204,108,204,108,0,13,237,91,197,81,40,39,47,44,0,13,14,24,33,39,0,13,0,13,0,13
1400000US13051011006,13051011006,"Census Tract 110.06, Chatham County, Georgia",3729,220,3704,218,3194,257,1267,114,905,126,362,97,1231,121,583,111,583,111,0,13,0,13,0,13,35,57,43,47,0,13,0,13,0,13,35,31,0,13,0,13,35,31,0,13,0,13,510,148,466,127,111,72,83,63,28,35,355,103,339,103,16,25,44,44,0,13,0,13,44,44,0,13,0,13,25,18
1400000US13051011103,13051011103,"Census Tract 111.03, Chatham County, Georgia",3224,116,3089,135,2376,264,845,100,477,122,368,105,718,117,329,111,239,87,0,13,90,63,93,63,88,96,60,46,16,24,0,13,18,29,209,139,128,118,0,13,28,22,0,13,53,80,713,234,551,169,211,105,174,99,37,42,340,141,295,135,45,40,162,128,12,22,117,126,7,11,0,13,26,33,135,104
1400000US13051011104,13051011104,"Census Tract 111.04, Chatham County, Georgia",5506,396,5503,396,4292,490,1484,161,877,164,607,160,1221,166,1402,300,1316,316,25,31,61,63,23,28,22,36,24,41,0,19,57,84,14,23,45,63,0,19,0,19,0,19,0,19,45,63,1211,400,846,177,416,132,288,112,128,100,430,119,360,115,70,53,365,284,225,269,20,34,87,54,0,19,33,46,3,5
1400000US13051011106,13051011106,"Census Tract 111.06, Chatham County, Georgia",5659,422,5659,422,4488,509,1443,162,897,174,546,153,1205,162,1411,254,1368,260,30,45,13,21,51,64,39,59,144,140,15,25,0,19,64,72,116,109,0,19,0,19,76,87,0,19,40,61,1171,250,881,153,469,139,329,111,140,95,412,118,354,113,58,51,290,137,14,23,115,80,141,99,0,19,20,31,0,19
1400000US13051011107,13051011107,"Census Tract 111.07, Chatham County, Georgia",3110,239,3083,236,2469,313,838,103,575,126,263,86,720,113,859,162,724,177,44,49,91,79,14,21,0,13,21,37,0,13,10,16,0,13,7,12,0,13,0,13,7,12,0,13,0,13,614,180,511,115,244,104,199,97,45,46,267,76,267,76,0,13,103,122,91,120,0,13,12,20,0,13,0,13,27,40
1400000US13051011108,13051011108,"Census Tract 111.08, Chatham County, Georgia",3064,215,3062,215,2510,256,825,105,525,128,300,85,753,111,888,169,878,168,0,13,10,17,0,13,0,13,0,13,0,13,0,13,23,40,21,36,0,13,21,36,0,13,0,13,0,13,552,208,362,112,194,102,121,90,73,59,168,91,139,79,29,40,190,146,0,13,160,130,30,41,0,13,0,13,2,2
1400000US13051011109,13051011109,"Census Tract 111.09, Chatham County, Georgia",6790,472,6790,472,5483,458,1688,149,1094,178,594,164,1548,145,2031,290,1816,298,85,93,130,121,169,95,0,19,0,19,0,19,12,21,0,19,35,48,0,19,0,19,0,19,0,19,35,48,1307,295,1050,184,477,159,345,123,132,111,573,161,519,150,54,45,257,162,21,34,101,121,135,115,0,19,0,19,0,19
1400000US13051011200,13051011200,"Census Tract 112, Chatham County, Georgia",2055,291,1894,284,994,259,342,69,155,63,187,50,278,76,190,90,190,90,0,13,0,13,0,13,48,47,16,24,0,13,0,13,50,58,70,104,70,104,0,13,0,13,0,13,0,13,900,179,481,84,206,62,130,51,76,39,275,64,152,52,123,44,419,144,88,60,279,144,52,35,0,13,0,13,161,84
1400000US13051011300,13051011300,"Census Tract 113, Chatham County, Georgia",2364,473,2349,473,1257,498,346,106,141,85,205,72,143,79,462,180,402,178,47,69,13,20,184,218,37,32,0,13,0,13,46,71,8,13,31,29,0,13,0,13,19,24,0,13,12,18,1092,272,590,112,286,88,164,62,122,69,304,90,177,70,127,61,502,198,178,118,276,172,48,37,0,13,0,13,15,16
1400000US13051011400,13051011400,"Census Tract 114, Chatham County, Georgia",1937,225,1914,224,794,185,210,53,63,33,147,47,90,50,324,99,273,87,21,29,30,32,18,23,19,27,33,45,0,13,21,29,27,29,52,58,20,29,0,13,13,13,0,13,19,27,1120,177,769,107,280,90,180,72,100,50,489,102,403,94,86,43,351,117,0,13,259,107,63,37,0,13,29,44,23,20
1400000US13051011500,13051011500,"Census Tract 115, Chatham County, Georgia",2886,207,2880,208,2599,217,894,75,549,91,345,79,753,85,754,127,689,119,9,14,56,44,60,74,0,13,71,63,40,43,0,13,19,23,8,12,0,13,0,13,8,12,0,13,0,13,281,117,227,64,97,48,88,50,9,14,130,52,116,42,14,24,54,74,27,45,0,13,27,31,0,13,0,13,6,9
1400000US13051011600,13051011600,"Census Tract 116, Chatham County, Georgia",2446,401,2446,401,2120,440,516,97,101,52,415,99,231,79,980,226,921,238,49,71,10,18,96,68,51,48,10,16,0,13,25,31,107,76,104,112,0,13,21,30,18,27,0,13,65,100,326,126,291,111,143,91,132,89,11,17,148,79,133,74,15,23,35,36,18,28,0,13,17,24,0,13,0,13,0,13
1400000US13051980000,13051980000,"Census Tract 9800, Chatham County, Georgia",0,13,0,13,0,13,0,13,0,13,0,13,0,13,0,13,0,13,0,13,0,13,0,13,0,13,0,13,0,13,0,13,0,13,0,13,0,13,0,13,0,13,0,13,0,13,0,13,0,13,0,13,0,13,0,13,0,13,0,13,0,13,0,13,0,13,0,13,0,13,0,13,0,13,0,13
1400000US13051990000,13051990000,"Census Tract 9900, Chatham County, Georgia",0,13,0,13,0,13,0,13,0,13,0,13,0,13,0,13,0,13,0,13,0,13,0,13,0,13,0,13,0,13,0,13,0,13,0,13,0,13,0,13,0,13,0,13,0,13,0,13,0,13,0,13,0,13,0,13,0,13,0,13,0,13,0,13,0,13,0,13,0,13,0,13,0,13,0,13
1400000US13053020100,13053020100,"Census Tract 201, Chattahoochee County, Georgia",2826,382,2826,382,2359,416,667,116,207,67,460,100,374,108,703,213,606,194,54,70,43,36,240,145,0,13,132,123,0,13,47,66,53,63,143,90,0,13,42,42,57,43,36,60,8,14,467,187,323,105,153,68,107,52,46,42,170,70,149,73,21,20,144,119,0,13,64,107,58,46,0,13,22,32,0,13
1400000US13053020201,13053020201,"Census Tract 202.01, Chattahoochee County, Georgia",2972,416,1065,274,849,231,288,92,266,94,22,28,228,74,333,136,333,136,0,13,0,13,0,13,0,13,0,13,0,13,0,13,0,13,0,13,0,13,0,13,0,13,0,13,0,13,216,169,127,76,121,75,97,72,24,36,6,10,6,10,0,13,89,135,0,13,89,135,0,13,0,13,0,13,1907,378
1400000US13053020203,13053020203,"Census Tract 202.03, Chattahoochee County, Georgia",2309,406,1729,377,1729,377,357,129,306,125,51,40,419,130,933,175,806,170,38,11,89,40,0,13,12,18,0,13,0,13,0,13,8,15,0,13,0,13,0,13,0,13,0,13,0,13,0,13,0,13,0,13,0,13,0,13,0,13,0,13,0,13,0,13,0,13,0,13,0,13,0,13,0,13,580,186
1400000US13053020205,13053020205,"Census Tract 202.05, Chattahoochee County, Georgia",3281,369,3281,369,3223,377,713,136,572,124,141,73,595,125,1770,236,1408,233,0,13,362,167,0,13,55,63,0,13,69,64,0,13,0,13,21,37,0,13,0,13,21,37,0,13,0,13,58,87,58,87,58,87,58,87,0,13,0,13,0,13,0,13,0,13,0,13,0,13,0,13,0,13,0,13,0,13
1400000US13053020206,13053020206,"Census Tract 202.06, Chattahoochee County, Georgia",529,192,93,93,93,93,26,23,26,23,0,13,13,19,24,42,24,42,0,13,0,13,30,45,0,13,0,13,0,13,0,13,0,13,0,13,0,13,0,13,0,13,0,13,0,13,0,13,0,13,0,13,0,13,0,13,0,13,0,13,0,13,0,13,0,13,0,13,0,13,0,13,0,13,436,165
1400000US13055010100,13055010100,"Census Tract 101, Chattooga County, Georgia",2102,217,2102,217,1754,202,622,84,338,64,284,74,512,76,513,123,489,124,24,35,0,13,4,7,9,13,0,13,0,13,0,13,46,48,48,31,4,9,8,15,28,23,0,13,8,12,348,137,270,85,176,72,145,69,31,26,94,55,47,26,47,59,78,68,10,17,38,61,30,27,0,13,0,13,0,13
1400000US13055010200,13055010200,"Census Tract 102, Chattooga County, Georgia",7379,537,7376,538,6619,604,1949,171,1075,205,874,174,1403,192,2457,350,2292,328,22,28,143,116,272,156,111,94,162,108,24,34,0,19,127,104,114,69,30,38,30,47,49,36,0,19,5,8,757,186,665,161,351,123,275,108,76,70,314,96,291,94,23,28,92,61,0,19,0,19,90,61,0,19,2,5,3,7
1400000US13055010300,13055010300,"Census Tract 103, Chattooga County, Georgia",2788,354,2776,354,2393,380,852,124,486,112,366,129,648,122,723,186,702,184,0,13,21,18,64,62,27,41,0,13,0,13,0,13,6,10,73,97,0,13,0,13,24,29,0,13,49,69,383,108,306,74,150,58,114,52,36,29,156,57,130,52,26,26,77,51,12,20,9,11,39,25,0,13,17,26,12,10
1400000US13055010400,13055010400,"Census Tract 104, Chattooga County, Georgia",4941,372,4859,377,4080,420,1280,171,755,154,525,153,653,156,1517,264,1391,275,15,30,111,89,258,143,9,15,111,65,29,46,78,81,112,109,33,36,0,13,0,13,20,27,0,13,13,22,779,251,653,192,329,157,273,142,56,60,324,109,319,108,5,9,126,118,29,45,97,108,0,13,0,13,0,13,82,42
1400000US13055010500,13055010500,"Census Tract 105, Chattooga County, Georgia",6303,486,4599,375,3864,410,1194,126,704,127,490,117,865,143,1332,258,1282,258,0,19,50,46,138,125,40,44,30,47,52,43,34,52,99,124,80,59,11,18,22,34,38,55,0,19,9,14,735,208,638,165,224,117,178,99,46,41,414,141,399,142,15,26,97,92,0,19,58,87,39,39,0,19,0,19,1704,336
1400000US13055010600,13055010600,"Census Tract 106, Chattooga County, Georgia",2392,287,2388,286,2138,292,700,88,402,85,298,84,523,90,589,152,550,146,0,13,39,36,193,169,26,30,39,31,10,16,0,13,17,17,41,47,0,13,0,13,15,24,0,13,26,41,250,91,215,70,143,62,118,58,25,35,72,39,72,39,0,13,35,46,0,13,5,10,30,46,0,13,0,13,4,5
1400000US13057090100,13057090100,"Census Tract 901, Cherokee County, Georgia",8116,516,8116,516,7474,605,2453,202,1462,204,991,207,2039,206,2382,344,2258,334,37,29,87,78,324,226,14,18,37,36,31,31,71,77,39,52,84,76,3,5,37,56,33,46,3,5,8,10,642,167,534,135,259,109,211,104,48,30,275,88,226,79,49,46,108,59,0,19,28,28,67,44,0,19,13,16,0,19
1400000US13057090200,13057090200,"Census Tract 902, Cherokee County, Georgia",7389,593,6952,569,5924,669,1852,186,1175,181,677,169,1640,206,1839,410,1604,416,164,153,71,82,190,128,29,32,109,118,24,42,51,50,145,118,45,37,0,19,12,20,33,32,0,19,0,19,1028,242,849,205,399,142,344,155,55,42,450,149,356,136,94,68,179,96,14,23,71,50,77,68,0,19,17,27,437,155
1400000US13057090300,13057090300,"Census Tract 903, Cherokee County, Georgia",11692,725,11684,725,10513,896,3210,234,1936,231,1274,184,2853,260,3788,494,3535,473,113,82,140,127,231,136,87,86,10,15,69,53,54,39,135,114,76,56,32,37,0,21,44,41,0,21,0,21,1171,554,756,224,303,145,252,121,51,78,453,171,353,160,100,61,415,413,22,26,219,317,36,34,0,21,138,128,8,12
1400000US13057090400,13057090400,"Census Tract 904, Cherokee County, Georgia",8769,808,8673,818,6874,932,2066,258,1082,231,984,210,1217,223,2178,363,2096,357,35,41,47,51,194,132,412,272,118,114,44,43,137,129,373,217,135,73,19,30,17,29,99,61,0,19,0,19,1799,428,1331,270,715,208,485,164,230,129,616,184,536,168,80,66,468,233,0,19,144,101,150,110,0,19,174,188,96,93
1400000US13057090501,13057090501,"Census Tract 905.01, Cherokee County, Georgia",5910,388,5910,388,5439,420,1721,128,1132,177,589,143,1385,142,1725,229,1532,212,130,117,63,54,160,101,153,120,16,23,22,34,29,34,62,50,166,111,24,38,41,67,54,54,0,19,47,51,471,142,451,135,256,118,245,119,11,18,195,77,185,77,10,16,20,22,0,19,0,19,20,22,0,19,0,19,0,19
1400000US13057090502,13057090502,"Census Tract 905.02, Cherokee County, Georgia",12851,737,12839,736,11888,827,3453,226,2395,263,1058,228,2984,255,4143,567,4037,563,32,32,74,70,213,177,67,75,131,101,72,82,98,87,537,557,190,121,0,21,0,21,172,118,0,21,18,29,951,266,747,198,309,151,254,139,55,51,438,149,318,126,120,83,204,107,11,17,97,92,67,56,0,21,29,46,12,8
1400000US13057090601,13057090601,"Census Tract 906.01, Cherokee County, Georgia",6644,575,6306,573,5702,635,1646,163,953,202,693,145,1121,217,2279,377,1789,424,453,285,37,43,173,148,129,92,48,57,20,35,61,69,130,96,95,74,0,19,0,19,95,74,0,19,0,19,604,180,576,173,214,116,193,111,21,24,362,113,354,110,8,12,28,26,0,19,0,19,28,26,0,19,0,19,338,132
1400000US13057090602,13057090602,"Census Tract 906.02, Cherokee County, Georgia",8447,583,8353,581,7463,614,2186,161,1454,181,732,136,1711,159,2913,415,2732,422,59,54,122,92,122,112,141,158,93,90,90,86,45,51,59,53,103,85,46,73,14,21,32,33,0,19,11,17,890,304,635,168,415,138,286,104,129,98,220,85,191,79,29,31,255,189,80,103,19,29,131,101,0,19,25,40,94,96
1400000US13057090701,13057090701,"Census Tract 907.01, Cherokee County, Georgia",19619,802,19610,803,17707,1016,5251,328,3233,352,2018,393,3952,350,7091,596,6506,570,81,89,504,271,297,202,220,184,156,105,84,83,40,45,101,101,515,306,40,42,253,246,159,144,0,21,63,51,1903,483,1495,329,737,240,472,188,265,164,758,228,670,217,88,68,408,222,9,16,160,156,227,142,0,21,12,19,9,12
1400000US13057090702,13057090702,"Census Tract 907.02, Cherokee County, Georgia",7849,647,7849,647,7191,673,2281,228,1088,212,1193,270,1708,256,2687,409,2367,425,168,136,152,149,168,129,54,78,31,33,0,19,5,23,79,101,178,144,0,19,0,19,75,82,0,19,103,104,658,269,570,194,242,150,184,111,58,93,328,140,307,137,21,26,88,107,11,22,64,101,13,22,0,19,0,19,0,19
1400000US13057090802,13057090802,"Census Tract 908.02, Cherokee County, Georgia",6785,521,6785,521,6393,544,2069,166,1540,220,529,161,1828,175,2107,289,2002,264,56,51,49,58,108,88,107,99,38,32,20,31,36,44,56,51,24,35,0,19,0,19,24,35,0,19,0,19,392,251,288,119,107,59,107,59,0,19,181,101,135,68,46,74,104,166,0,19,104,166,0,19,0,19,0,19,0,19
1400000US13057090803,13057090803,"Census Tract 908.03, Cherokee County, Georgia",9558,545,9558,545,8941,599,2719,208,1956,218,763,207,2348,256,3609,324,3320,323,143,102,146,92,49,76,39,59,43,53,32,49,63,98,11,20,28,34,0,19,0,19,13,23,0,19,15,24,617,194,527,171,321,144,296,143,25,32,206,99,143,82,63,53,90,53,0,19,0,19,90,53,0,19,0,19,0,19
1400000US13057090804,13057090804,"Census Tract 908.04, Cherokee County, Georgia",8709,646,8706,645,8234,678,2475,171,1802,212,673,213,2309,194,3020,399,2974,406,22,37,24,37,71,82,0,19,56,68,90,97,0,19,171,147,42,65,0,19,0,19,22,38,0,19,20,35,472,186,351,123,190,94,174,88,16,25,161,72,82,54,79,55,121,91,0,19,73,67,48,42,0,19,0,19,3,4
1400000US13057090901,13057090901,"Census Tract 909.01, Cherokee County, Georgia",7273,513,7273,513,6539,559,1994,175,1295,162,699,162,1658,154,2492,299,2382,311,53,46,57,43,75,71,0,19,0,19,15,24,37,37,58,68,210,122,0,19,50,54,108,101,0,19,52,51,734,266,520,137,295,116,202,97,93,71,225,87,186,78,39,38,214,169,103,155,62,51,10,18,0,19,39,64,0,19
1400000US13057090902,13057090902,"Census Tract 909.02, Cherokee County, Georgia",13861,679,13861,679,12071,763,3815,248,2344,299,1471,265,3226,290,4425,466,4179,481,66,64,180,102,52,87,97,81,72,62,0,21,25,43,116,149,243,109,21,35,46,55,134,86,0,21,42,53,1790,359,1431,258,572,160,373,127,199,118,859,244,832,242,27,25,359,217,179,186,69,82,89,84,0,21,22,26,0,21
1400000US13057090904,13057090904,"Census Tract 909.04, Cherokee County, Georgia",7586,550,7428,546,6666,622,1994,214,1187,210,807,231,1505,185,2555,356,2437,350,72,68,46,53,207,182,57,64,29,44,19,32,109,90,27,60,164,120,60,71,0,19,104,107,0,19,0,19,762,228,627,163,313,127,277,117,36,43,314,116,270,110,44,44,135,119,17,28,76,99,42,41,0,19,0,19,158,94
1400000US13057090905,13057090905,"Census Tract 909.05, Cherokee County, Georgia",3624,409,3621,409,2750,501,952,198,480,126,472,183,680,163,896,197,814,206,49,39,33,38,24,25,77,95,75,82,0,13,11,18,0,13,35,38,0,13,0,13,27,35,0,13,8,14,871,190,844,181,268,109,250,107,18,22,576,149,559,145,17,29,27,29,0,13,11,19,16,22,0,13,0,13,3,4
1400000US13057091001,13057091001,"Census Tract 910.01, Cherokee County, Georgia",4086,426,4083,426,3299,472,1128,142,566,112,562,143,710,134,1171,289,1150,290,11,17,10,18,6,10,101,83,17,25,0,13,0,13,120,146,46,50,4,8,0,13,42,50,0,13,0,13,784,321,507,144,181,92,120,72,61,54,326,101,267,89,59,48,277,243,171,235,68,61,38,38,0,13,0,13,3,4
1400000US13057091003,13057091003,"Census Tract 910.03, Cherokee County, Georgia",6832,580,6832,580,5715,602,1738,191,865,169,873,161,1170,185,2278,333,2127,357,72,110,79,81,31,36,50,39,0,19,32,35,33,54,166,125,217,137,12,19,18,29,109,87,0,19,78,72,1117,308,896,208,404,140,387,140,17,27,492,162,373,130,119,105,221,166,98,138,123,88,0,19,0,19,0,19,0,19
1400000US13057091005,13057091005,"Census Tract 910.05, Cherokee County, Georgia",8394,786,8379,785,7421,878,2022,182,959,194,1063,216,1357,170,2951,592,2695,506,151,145,105,103,99,102,338,189,120,82,35,47,65,61,278,189,156,114,0,19,0,19,73,77,0,19,83,79,958,350,678,197,427,157,300,121,127,102,251,119,191,102,60,69,280,204,0,19,180,189,100,91,0,19,0,19,15,11
1400000US13057091006,13057091006,"Census Tract 910.06, Cherokee County, Georgia",5076,308,5076,308,4760,342,1404,96,891,135,513,135,1352,107,1883,227,1826,230,24,28,33,40,20,32,19,32,50,70,0,19,0,19,26,40,6,10,0,19,0,19,6,10,0,19,0,19,316,120,264,86,118,55,100,49,18,28,146,62,121,48,25,29,52,52,0,19,52,52,0,19,0,19,0,19,0,19
1400000US13057091007,13057091007,"Census Tract 910.07, Cherokee County, Georgia",6325,547,6325,547,5764,634,1693,181,1077,205,616,173,1521,180,2390,347,2123,317,171,253,96,70,32,50,0,19,92,103,27,45,0,19,0,19,9,15,9,15,0,19,0,19,0,19,0,19,561,196,507,154,203,113,187,111,16,27,304,126,304,126,0,19,54,89,0,19,0,19,18,30,0,19,36,59,0,19
1400000US13057091008,13057091008,"Census Tract 910.08, Cherokee County, Georgia",8527,521,8527,521,7946,525,2376,138,1480,201,896,212,2091,167,3155,300,3072,296,72,74,11,19,12,21,36,53,99,90,0,19,0,19,52,70,125,106,0,19,31,48,57,77,0,19,37,47,581,160,562,157,320,144,320,144,0,19,242,114,225,113,17,27,19,31,0,19,0,19,19,31,0,19,0,19,0,19
1400000US13057091101,13057091101,"Census Tract 911.01, Cherokee County, Georgia",5103,445,5103,445,4535,471,1465,165,843,158,622,169,1242,159,1587,264,1454,256,8,15,125,138,58,53,58,60,35,36,24,36,0,19,21,30,45,41,0,19,0,19,31,34,0,19,14,23,568,147,484,116,359,111,290,102,69,51,125,72,118,68,7,13,84,59,0,19,23,36,52,44,0,19,9,15,0,19
1400000US13057091102,13057091102,"Census Tract 911.02, Cherokee County, Georgia",7772,522,7772,522,7083,577,2106,186,1393,218,713,159,1610,189,2673,325,2340,329,17,25,316,157,305,164,16,24,31,40,11,17,99,60,112,83,120,95,11,18,0,19,109,94,0,19,0,19,689,206,641,177,376,133,368,132,8,14,265,121,229,108,36,43,48,52,0,19,11,19,37,48,0,19,0,19,0,19
1400000US13057091103,13057091103,"Census Tract 911.03, Cherokee County, Georgia",8217,622,8217,622,7323,683,2142,188,1369,206,773,168,1699,220,2627,447,2397,427,115,84,115,96,164,129,156,95,72,63,38,45,30,47,131,119,264,194,0,19,25,40,97,81,0,19,142,132,894,232,655,135,329,109,214,89,115,84,326,111,242,94,84,70,239,129,0,19,59,59,98,74,0,19,82,84,0,19
1400000US13059000100,13059000100,"Census Tract 1, Clarke County, Georgia",1566,305,1523,304,37,41,18,21,18,21,0,13,19,20,0,13,0,13,0,13,0,13,0,13,0,13,0,13,0,13,0,13,0,13,0,13,0,13,0,13,0,13,0,13,0,13,1486,309,515,88,279,89,133,68,146,66,236,74,70,34,166,73,971,256,90,76,785,259,29,33,0,13,67,78,43,37
1400000US13059000401,13059000401,"Census Tract 4.01, Clarke County, Georgia",1406,241,1143,201,501,215,204,89,85,49,119,72,165,103,116,72,116,72,0,13,0,13,0,13,0,13,0,13,0,13,0,13,16,25,0,13,0,13,0,13,0,13,0,13,0,13,642,176,544,157,290,107,275,107,15,14,254,99,238,98,16,17,98,71,17,28,76,72,5,10,0,13,0,13,263,141
1400000US13059000402,13059000402,"Census Tract 4.02, Clarke County, Georgia",8465,630,830,185,81,113,44,62,0,19,44,62,2,5,35,51,35,51,0,19,0,19,0,19,0,19,0,19,0,19,0,19,0,19,0,19,0,19,0,19,0,19,0,19,0,19,749,162,282,56,176,61,28,27,148,55,106,55,50,46,56,35,467,132,170,114,240,122,7,11,0,19,50,79,7635,641
1400000US13059000600,13059000600,"Census Tract 6, Clarke County, Georgia",2766,453,2207,389,716,247,250,96,100,38,150,88,154,45,285,148,258,144,27,35,0,13,11,16,0,13,9,12,0,13,0,13,0,13,7,11,0,13,0,13,7,11,0,13,0,13,1491,414,763,134,328,102,193,82,135,72,435,121,265,99,170,85,728,335,0,13,691,341,0,13,0,13,37,43,559,140
1400000US13059000900,13059000900,"Census Tract 9, Clarke County, Georgia",3618,445,3461,424,2851,449,771,125,145,63,626,124,289,96,1240,287,1215,289,0,13,25,40,66,62,194,107,93,70,0,13,0,13,93,92,105,63,17,29,12,19,39,37,0,13,37,35,610,151,542,130,222,91,185,83,37,32,320,110,291,107,29,25,68,44,0,13,11,19,57,37,0,13,0,13,157,121
1400000US13059001200,13059001200,"Census Tract 12, Clarke County, Georgia",2583,288,2553,291,1772,304,588,93,299,85,289,97,494,68,595,209,497,166,98,117,0,13,12,20,26,32,18,28,0,13,0,13,39,59,0,13,0,13,0,13,0,13,0,13,0,13,781,137,679,101,206,82,177,80,29,34,473,93,441,89,32,31,102,80,0,13,62,66,11,17,0,13,29,49,30,23
1400000US13059001700,13059001700,"Census Tract 17, Clarke County, Georgia",2095,173,1997,146,1631,151,505,60,291,74,214,61,359,75,409,104,365,102,20,21,24,27,115,76,61,60,92,77,0,13,6,11,39,43,45,33,25,27,0,13,20,18,0,13,0,13,366,116,269,78,161,68,126,62,35,25,108,48,90,40,18,23,97,62,16,24,39,44,29,35,0,13,13,20,98,98
1400000US13059001800,13059001800,"Census Tract 18, Clarke County, Georgia",2391,392,2349,400,1448,442,472,111,217,91,255,95,362,103,308,130,308,130,0,13,0,13,38,40,55,60,65,92,0,13,26,42,122,129,0,13,0,13,0,13,0,13,0,13,0,13,901,201,625,133,290,99,190,90,100,62,335,101,262,97,73,45,276,128,15,26,154,130,64,32,0,13,43,45,42,34
1400000US13059001900,13059001900,"Census Tract 19, Clarke County, Georgia",3635,414,3581,414,1631,308,516,98,116,54,400,89,288,74,701,222,691,222,0,13,10,16,6,11,44,60,0,13,0,13,0,13,0,13,76,60,0,13,31,50,41,35,0,13,4,16,1950,372,933,104,369,89,197,67,172,81,564,119,371,105,193,77,1017,320,102,121,693,292,124,71,0,13,98,157,54,25
1400000US13059002000,13059002000,"Census Tract 20, Clarke County, Georgia",1922,183,1908,181,1131,186,386,72,216,73,170,65,347,78,315,72,315,72,0,13,0,13,39,30,32,49,12,18,0,13,0,13,0,13,0,13,0,13,0,13,0,13,0,13,0,13,777,166,558,94,335,98,301,96,34,24,223,81,151,75,72,56,219,121,0,13,176,120,31,23,0,13,12,20,14,17
1400000US13059002100,13059002100,"Census Tract 21, Clarke County, Georgia",4217,516,2739,459,713,295,249,88,185,75,64,40,197,84,116,91,106,89,0,13,10,17,0,13,17,25,0,13,0,13,0,13,129,107,5,9,0,13,0,13,5,9,0,13,0,13,2026,422,887,129,399,98,228,81,171,75,488,112,221,79,267,99,1139,357,238,215,811,377,74,43,0,13,16,25,1478,266
1400000US13059002200,13059002200,"Census Tract 22, Clarke County, Georgia",2473,332,2473,332,829,192,270,67,149,67,121,54,210,58,259,69,247,68,12,17,0,13,0,13,0,13,0,13,4,15,0,13,17,27,69,90,0,13,56,85,13,22,0,13,0,13,1644,293,695,100,361,91,149,53,212,73,334,101,162,67,172,81,949,238,15,22,864,251,70,50,0,13,0,13,0,13
1400000US13059030100,13059030100,"Census Tract 301, Clarke County, Georgia",4569,740,4566,740,2398,727,726,151,232,96,494,148,338,117,854,306,770,292,68,90,16,24,98,97,37,42,0,13,0,13,0,13,92,113,253,268,0,13,62,97,28,45,0,13,163,176,2168,484,993,169,392,120,201,102,191,91,601,146,390,121,211,91,1175,382,279,266,754,316,52,48,0,13,90,81,3,4
1400000US13059030200,13059030200,"Census Tract 302, Clarke County, Georgia",4213,462,4202,461,2896,422,768,115,150,77,618,112,269,92,1051,268,1029,271,22,23,0,13,128,93,164,113,37,35,0,13,64,90,271,158,144,90,0,13,73,58,41,50,0,13,30,48,1306,278,788,121,390,99,255,87,135,65,398,118,338,102,60,47,518,223,0,13,376,203,48,41,0,13,94,145,11,10
1400000US13059130300,13059130300,"Census Tract 1303, Clarke County, Georgia",6330,733,6239,726,5668,730,1388,184,753,169,635,160,831,133,2511,404,2415,413,15,26,81,86,145,102,68,71,173,119,28,42,22,36,411,287,91,71,0,19,0,19,40,53,0,19,51,55,571,205,423,122,128,72,95,56,33,31,295,100,265,91,30,27,148,127,0,19,96,79,14,22,0,19,38,73,91,104
1400000US13059130400,13059130400,"Census Tract 1304, Clarke County, Georgia",6005,502,5993,502,4885,644,1408,184,873,183,535,160,998,140,1704,469,1667,462,7,12,30,49,160,149,132,112,162,138,40,64,19,23,106,90,156,111,0,19,0,19,123,98,0,19,33,52,1108,302,797,185,370,168,233,97,137,148,427,123,285,103,142,76,311,155,15,28,33,43,206,118,0,19,57,71,12,9
1400000US13059130500,13059130500,"Census Tract 1305, Clarke County, Georgia",2737,336,2737,336,2422,339,731,94,404,84,327,75,590,101,933,186,892,176,0,13,41,47,69,66,3,5,61,65,0,13,0,13,27,29,8,14,0,13,0,13,8,14,0,13,0,13,315,102,237,68,87,62,70,57,17,25,150,55,131,54,19,18,78,64,0,13,60,62,9,15,0,13,9,14,0,13
1400000US13059130600,13059130600,"Census Tract 1306, Clarke County, Georgia",6001,698,5974,699,3976,620,1309,167,667,195,642,174,977,178,1508,317,1407,322,45,50,56,61,0,19,0,19,0,19,0,19,0,19,96,102,86,135,0,19,75,116,0,19,0,19,11,42,1998,448,1103,204,373,138,195,102,178,119,730,186,516,163,214,111,895,334,191,214,542,269,127,97,0,19,35,55,27,11
1400000US13059130700,13059130700,"Census Tract 1307, Clarke County, Georgia",4488,492,4380,482,2838,511,1002,168,579,127,423,152,764,147,939,272,904,277,35,44,0,13,87,110,0,13,23,35,0,13,23,35,0,13,0,13,0,13,0,13,0,13,0,13,0,13,1542,320,1030,183,345,107,272,95,73,51,685,189,461,154,224,107,512,195,71,82,278,167,134,92,0,13,29,47,108,108
1400000US13059140300,13059140300,"Census Tract 1403, Clarke County, Georgia",4640,440,4640,440,4040,459,1101,120,432,137,669,149,610,115,1785,336,1720,326,0,13,65,70,78,73,140,147,25,27,26,42,0,13,190,154,85,75,0,13,32,50,47,53,0,13,6,18,600,170,463,109,229,82,156,71,73,55,234,78,203,68,31,29,137,86,0,13,8,13,99,71,0,13,30,31,0,13
1400000US13059140400,13059140400,"Census Tract 1404, Clarke County, Georgia",3342,565,3342,565,2926,602,733,134,498,132,235,95,412,105,1166,276,1166,276,0,13,0,13,50,63,247,213,15,27,95,80,10,17,8,13,190,122,78,121,0,13,112,77,0,13,0,13,416,137,357,115,202,85,152,79,50,47,155,84,155,84,0,13,59,54,0,13,28,44,31,37,0,13,0,13,0,13
1400000US13059140500,13059140500,"Census Tract 1405, Clarke County, Georgia",2143,413,1684,372,1403,391,398,98,155,53,243,88,237,82,605,223,564,221,41,52,0,13,48,54,33,35,36,47,0,13,0,13,9,15,37,25,0,13,0,13,23,22,0,13,14,21,281,94,233,75,133,69,113,65,20,24,100,39,79,37,21,24,48,40,15,23,0,13,33,31,0,13,0,13,459,162
1400000US13059140600,13059140600,"Census Tract 1406, Clarke County, Georgia",4980,388,4964,388,4082,427,1250,117,596,98,654,128,946,106,1393,249,1391,250,2,4,0,13,92,61,36,37,110,61,30,35,30,46,129,88,66,53,5,8,17,27,21,24,0,13,23,27,882,183,641,131,343,83,273,76,70,41,298,105,237,104,61,37,241,109,35,41,156,99,50,39,0,13,0,13,16,11
1400000US13059150300,13059150300,"Census Tract 1503, Clarke County, Georgia",3517,517,3509,520,2530,465,726,88,473,98,253,110,604,124,906,230,854,234,35,41,17,25,42,54,81,98,46,76,14,27,9,14,62,75,40,53,0,13,0,13,40,53,0,13,0,13,979,330,477,119,125,54,119,54,6,8,352,102,222,82,130,71,502,253,102,138,368,213,32,48,0,13,0,13,8,12
1400000US13059150400,13059150400,"Census Tract 1504, Clarke County, Georgia",4725,680,4725,680,716,167,230,52,161,46,69,49,125,51,213,92,213,92,0,13,0,13,30,43,43,40,13,20,0,13,0,13,30,34,32,31,13,21,12,18,7,12,0,13,0,13,4009,668,1065,164,507,125,95,59,412,130,558,146,94,63,464,137,2944,556,176,130,2608,560,94,58,0,13,66,103,0,13
1400000US13059150500,13059150500,"Census Tract 1505, Clarke County, Georgia",4183,530,4183,530,1851,326,689,135,301,107,388,137,444,112,577,184,560,182,17,40,0,13,64,78,58,71,0,13,0,13,0,13,19,28,0,13,0,13,0,13,0,13,0,13,0,13,2332,557,1009,197,340,95,173,70,167,81,669,162,322,114,347,112,1323,418,139,93,1032,388,69,54,0,13,83,85,0,13
1400000US13059150600,13059150600,"Census Tract 1506, Clarke County, Georgia",3054,433,3047,433,1791,416,572,130,298,109,274,108,272,87,746,261,713,255,33,50,0,13,40,54,11,18,56,72,0,13,0,13,29,34,65,63,0,13,0,13,56,62,0,13,9,14,1256,302,761,145,374,115,238,99,136,61,387,94,288,81,99,67,495,202,63,59,392,184,10,19,0,13,30,33,7,17
1400000US13059150700,13059150700,"Census Tract 1507, Clarke County, Georgia",5679,934,5648,933,3362,678,1032,174,614,135,418,120,752,126,1209,364,1194,366,15,25,0,19,248,220,61,76,60,60,0,19,0,19,0,19,0,19,0,19,0,19,0,19,0,19,0,19,2286,644,1246,196,487,185,236,142,251,137,759,167,699,166,60,47,1040,547,15,24,920,540,54,46,0,19,51,57,31,22
1400000US13059150800,13059150800,"Census Tract 1508, Clarke County, Georgia",6023,515,6011,515,5150,555,1531,144,656,142,875,149,1162,182,2131,456,1917,483,214,149,0,19,74,70,7,16,94,108,0,19,40,57,40,41,71,64,0,19,26,39,45,52,0,19,0,19,861,213,667,158,374,116,270,106,104,68,293,87,256,84,37,26,194,102,0,19,111,94,83,51,0,19,0,19,12,12
1400000US13059150900,13059150900,"Census Tract 1509, Clarke County, Georgia",3996,495,3996,495,3086,453,928,128,576,129,352,87,671,123,1020,270,934,272,40,39,46,61,76,89,107,82,124,87,40,58,21,34,84,86,15,24,0,13,0,13,0,13,0,13,15,24,910,312,542,130,226,86,165,78,61,44,316,113,221,85,95,61,368,249,17,25,278,249,48,44,0,13,25,40,0,13
1400000US13061960300,13061960300,"Census Tract 9603, Clay County, Georgia",3174,*****,3116,57,2539,160,735,76,314,71,421,81,409,75,926,166,803,167,20,20,103,79,220,110,67,64,15,22,13,20,9,12,101,64,44,32,7,10,0,13,37,30,0,13,0,13,577,147,550,137,242,84,242,84,0,13,308,96,279,90,29,32,27,29,0,13,0,13,27,29,0,13,0,13,58,57
1400000US13063040202,13063040202,"Census Tract 402.02, Clayton County, Georgia",2874,413,2869,413,2571,441,586,81,263,83,323,83,197,80,1313,308,1186,289,23,35,104,104,95,55,36,40,34,40,0,13,11,17,131,86,168,76,28,34,25,38,95,57,12,20,8,12,298,122,256,98,81,52,76,50,5,10,175,87,150,79,25,28,42,46,0,13,29,42,13,17,0,13,0,13,5,4
1400000US13063040203,13063040203,"Census Tract 402.03, Clayton County, Georgia",3028,511,3028,511,2333,497,647,142,231,108,416,103,288,106,1093,290,911,263,1,8,181,162,92,81,74,96,0,13,0,13,0,13,71,78,68,67,0,13,0,13,68,67,0,13,0,13,695,194,526,130,171,88,108,75,63,52,355,111,331,117,24,29,169,138,11,18,49,53,38,37,0,13,71,78,0,13
1400000US13063040204,13063040204,"Census Tract 402.04, Clayton County, Georgia",3358,687,3358,687,2454,742,648,179,289,124,359,148,285,125,959,376,886,365,41,65,32,56,79,112,69,86,30,47,0,13,0,13,82,46,302,180,39,36,85,130,87,79,0,13,91,90,904,335,724,197,428,172,407,162,21,37,296,120,259,111,37,54,180,217,175,216,0,13,5,26,0,13,0,13,0,13
1400000US13063040302,13063040302,"Census Tract 403.02, Clayton County, Georgia",4444,707,4444,707,3927,687,947,145,322,114,625,121,470,134,1742,436,1690,428,8,12,44,57,237,136,40,48,89,88,6,10,47,60,178,214,171,95,20,31,28,44,47,47,0,13,76,72,517,202,453,158,231,108,200,98,31,52,222,110,215,110,7,12,64,89,0,13,57,88,7,11,0,13,0,13,0,13
1400000US13063040303,13063040303,"Census Tract 403.03, Clayton County, Georgia",6952,974,6905,973,6148,1000,1425,195,570,178,855,209,587,159,2932,570,2801,541,0,19,131,134,274,166,167,166,221,155,7,34,22,37,153,155,360,171,47,72,65,69,121,100,0,19,127,140,757,273,557,172,243,134,194,125,49,53,314,130,287,130,27,26,200,186,0,19,153,183,31,50,0,19,16,27,47,28
1400000US13063040306,13063040306,"Census Tract 403.06, Clayton County, Georgia",3415,685,3415,685,2859,710,653,159,358,120,295,121,314,139,1128,376,962,346,0,13,166,150,11,20,184,191,24,37,0,13,18,30,251,191,276,177,0,13,142,148,104,78,0,13,30,48,556,233,452,156,247,126,188,127,59,80,205,91,205,91,0,13,104,143,0,13,104,143,0,13,0,13,0,13,0,13
1400000US13063040307,13063040307,"Census Tract 403.07, Clayton County, Georgia",4789,494,4789,494,4365,532,1014,134,587,147,427,127,568,146,2129,319,2078,310,0,13,51,61,169,102,113,96,64,66,0,13,41,54,78,99,189,137,80,112,21,36,88,60,0,13,0,13,424,158,351,116,99,54,99,54,0,13,252,107,205,93,47,48,73,74,0,13,27,43,46,44,0,13,0,13,0,13
1400000US13063040308,13063040308,"Census Tract 403.08, Clayton County, Georgia",5136,630,4738,603,3771,646,896,161,481,151,415,103,440,124,1472,301,1330,290,0,19,142,97,139,95,50,59,54,53,8,20,10,17,293,160,409,220,0,19,175,145,80,53,6,11,148,170,967,332,565,130,330,115,213,91,117,61,235,87,219,83,16,22,402,267,43,73,162,149,66,49,0,19,131,202,398,127
1400000US13063040407,13063040407,"Census Tract 404.07, Clayton County, Georgia",3497,452,3464,454,3015,517,748,115,375,85,373,91,392,85,1218,252,1138,226,4,6,76,71,82,70,208,182,31,34,33,48,52,53,104,89,147,101,19,26,77,100,27,32,9,14,15,22,449,135,370,106,142,61,136,61,6,10,228,77,182,67,46,36,79,55,37,40,0,13,34,33,8,13,0,13,33,18
1400000US13063040408,13063040408,"Census Tract 404.08, Clayton County, Georgia",7818,677,7305,695,6200,779,1718,210,795,190,923,171,941,188,2397,459,2378,458,11,19,8,15,280,156,209,135,152,139,15,27,41,55,92,100,355,171,0,19,86,97,171,105,0,19,98,86,1105,299,839,203,375,144,236,100,139,91,464,157,434,154,30,43,266,174,69,107,114,115,83,72,0,19,0,19,513,289
1400000US13063040409,13063040409,"Census Tract 404.09, Clayton County, Georgia",6262,595,6260,595,5464,614,1298,146,683,142,615,126,780,127,2479,392,2204,411,84,93,191,125,237,162,182,97,33,42,26,33,30,42,137,107,262,133,51,47,23,33,118,57,0,19,70,72,796,314,541,152,254,106,235,104,19,27,287,114,239,95,48,57,255,263,27,39,3,10,0,19,0,19,225,259,2,2
1400000US13063040410,13063040410,"Census Tract 404.10, Clayton County, Georgia",7350,865,7350,865,6098,857,1531,192,658,138,873,177,884,170,2643,586,2464,567,97,153,82,132,287,143,159,80,69,78,33,39,0,19,371,250,121,92,0,19,0,19,63,61,16,26,42,50,1252,516,771,168,464,150,320,118,144,129,307,139,295,137,12,19,481,428,253,323,19,31,65,85,0,19,144,220,0,19
1400000US13063040411,13063040411,"Census Tract 404.11, Clayton County, Georgia",11850,1005,11839,1005,10348,1018,2784,244,1265,251,1519,279,1736,259,4427,561,4000,553,9,15,418,274,428,181,215,148,88,67,99,84,20,33,260,190,291,204,0,21,0,21,161,119,0,21,130,199,1491,360,1220,265,553,232,477,220,76,91,667,203,536,193,131,97,271,190,0,21,28,46,149,99,0,21,94,115,11,8
1400000US13063040412,13063040412,"Census Tract 404.12, Clayton County, Georgia",7360,763,7357,763,6250,879,1684,234,828,183,856,221,861,185,2592,470,2460,478,7,12,125,111,246,258,393,169,159,119,30,40,20,33,101,106,164,141,0,19,0,19,145,135,0,19,19,27,1107,335,845,224,426,185,343,160,83,77,419,140,331,134,88,77,262,166,0,19,31,39,97,85,0,19,134,132,3,3
1400000US13063040413,13063040413,"Census Tract 404.13, Clayton County, Georgia",8254,696,8254,696,7353,769,1852,185,876,191,976,152,1276,186,3013,468,2997,465,0,19,16,28,210,133,132,97,246,130,34,41,43,50,346,158,201,144,18,29,73,107,34,48,0,19,76,75,901,222,773,157,312,107,283,105,29,28,461,156,411,144,50,58,128,109,0,19,57,55,11,17,0,19,60,93,0,19
1400000US13063040414,13063040414,"Census Tract 404.14, Clayton County, Georgia",1637,353,1637,353,1373,443,364,102,164,80,200,92,178,70,461,206,461,206,0,13,0,13,0,13,0,13,0,13,0,13,0,13,275,318,95,88,0,13,0,13,39,41,0,13,56,83,264,123,243,107,129,72,119,67,10,18,114,78,114,78,0,13,21,36,0,13,21,36,0,13,0,13,0,13,0,13
1400000US13063040415,13063040415,"Census Tract 404.15, Clayton County, Georgia",6178,922,6096,918,4326,866,1161,221,469,193,692,194,608,201,1935,437,1935,437,0,19,0,19,69,62,133,129,18,40,0,19,0,19,332,193,70,95,0,19,0,19,70,95,0,19,0,19,1770,672,908,200,550,176,394,161,156,106,358,142,291,119,67,73,862,584,0,19,527,512,79,80,0,19,256,277,82,52
1400000US13063040416,13063040416,"Census Tract 404.16, Clayton County, Georgia",4139,766,4137,767,3740,792,712,112,250,123,462,141,393,131,1696,390,1542,364,116,147,38,57,271,247,64,59,37,42,0,13,116,109,307,360,144,110,0,13,0,13,54,63,0,13,90,87,397,127,361,115,256,103,238,103,18,28,105,52,91,50,14,18,36,36,0,13,0,13,19,27,0,13,17,25,2,4
1400000US13063040417,13063040417,"Census Tract 404.17, Clayton County, Georgia",4169,783,4166,784,3345,843,918,187,322,117,596,182,352,124,1381,432,1374,432,0,13,7,14,272,231,55,89,224,169,0,13,63,71,19,22,61,53,0,13,0,13,46,47,0,13,15,24,821,237,693,159,234,108,214,102,20,33,459,159,421,149,38,43,128,128,52,76,0,13,41,47,0,13,35,58,3,7
1400000US13063040509,13063040509,"Census Tract 405.09, Clayton County, Georgia",4251,455,4247,456,3873,468,1105,103,442,107,663,132,598,101,1546,297,1450,296,50,57,46,47,248,113,67,79,17,26,9,14,10,15,139,107,134,78,25,39,30,48,64,43,0,13,15,23,374,125,334,103,137,71,137,71,0,13,197,75,163,65,34,38,40,42,0,13,14,23,26,35,0,13,0,13,4,3
1400000US13063040510,13063040510,"Census Tract 405.10, Clayton County, Georgia",3666,553,3658,554,3334,584,739,121,320,104,419,84,359,96,1569,361,1402,299,61,72,106,168,257,126,56,38,29,33,13,21,69,83,133,100,110,84,24,38,0,13,23,22,0,13,63,73,324,115,271,96,128,77,119,75,9,14,143,65,121,63,22,26,53,57,0,13,0,13,7,12,0,13,46,55,8,7
1400000US13063040512,13063040512,"Census Tract 405.12, Clayton County, Georgia",4655,411,4655,411,3714,495,986,135,445,132,541,118,584,109,1450,273,1376,284,32,50,42,63,44,40,180,110,172,105,0,13,0,13,190,118,108,67,24,30,0,13,40,48,0,13,44,44,941,261,779,158,405,123,397,120,8,14,374,119,322,113,52,37,162,158,119,159,15,28,28,26,0,13,0,13,0,13
1400000US13063040513,13063040513,"Census Tract 405.13, Clayton County, Georgia",5636,750,5633,750,5059,657,1207,138,549,141,658,127,798,175,1967,304,1857,293,11,18,99,100,244,196,128,90,168,107,45,43,79,114,359,387,64,47,15,22,0,19,49,44,0,19,0,19,574,504,293,115,142,82,142,82,0,19,151,86,122,70,29,46,281,442,281,442,0,19,0,19,0,19,0,19,3,2
1400000US13063040514,13063040514,"Census Tract 405.14, Clayton County, Georgia",7618,783,7615,783,6347,816,1732,219,775,202,957,178,888,195,2767,543,2651,552,67,74,49,60,159,101,120,148,315,192,0,19,0,19,91,70,275,185,0,19,43,65,85,85,0,19,147,158,1268,385,984,194,441,176,372,154,69,79,543,149,463,135,80,73,284,265,113,180,125,138,46,56,0,19,0,19,3,5
1400000US13063040515,13063040515,"Census Tract 405.15, Clayton County, Georgia",7252,724,7247,724,6150,784,1504,191,633,168,871,154,818,177,2682,465,2428,489,58,71,196,145,325,195,155,138,120,96,19,48,0,19,268,245,259,159,35,52,122,142,58,50,0,19,44,57,1097,332,864,181,284,136,210,109,74,74,580,132,554,134,26,31,233,216,22,37,54,89,40,50,0,19,117,187,5,5
1400000US13063040516,13063040516,"Census Tract 405.16, Clayton County, Georgia",5983,556,5980,556,5203,578,1380,149,534,161,846,150,759,142,2261,317,2088,356,27,32,146,159,318,261,137,119,137,91,0,19,0,19,51,81,160,135,0,19,0,19,38,48,60,89,62,97,777,189,714,154,245,116,245,116,0,19,469,131,427,118,42,43,63,69,0,19,45,66,18,27,0,19,0,19,3,4
1400000US13063040518,13063040518,"Census Tract 405.18, Clayton County, Georgia",5016,711,5014,710,4372,697,1065,148,437,117,628,120,527,130,2076,416,1954,421,50,50,72,59,272,152,157,108,20,24,0,19,53,63,88,63,114,90,0,19,9,15,43,52,0,19,62,77,642,256,426,121,216,97,164,93,52,45,210,78,173,70,37,32,216,191,0,19,32,39,47,35,0,19,137,164,2,3
1400000US13063040519,13063040519,"Census Tract 405.19, Clayton County, Georgia",4359,613,4359,613,3105,704,873,171,244,111,629,168,216,105,1198,348,1098,347,17,28,83,96,146,106,75,63,55,66,0,13,47,75,286,159,209,144,0,13,93,97,66,56,0,13,50,56,1254,250,1008,185,646,161,524,153,122,66,362,128,321,126,41,47,246,126,98,101,79,66,69,65,0,13,0,13,0,13
1400000US13063040520,13063040520,"Census Tract 405.20, Clayton County, Georgia",3503,513,3503,513,2209,546,691,149,186,106,505,128,171,104,1076,336,1060,331,0,13,16,28,54,57,129,121,32,48,0,13,0,13,14,24,42,42,0,13,25,33,17,28,0,13,0,13,1294,272,862,147,621,154,428,136,193,90,241,107,213,106,28,33,432,200,53,62,173,155,116,74,0,13,90,97,0,13
1400000US13063040521,13063040521,"Census Tract 405.21, Clayton County, Georgia",3107,386,3107,386,2580,470,638,115,305,101,333,98,382,109,1009,211,928,203,46,72,35,46,68,53,44,55,63,55,49,52,0,13,223,172,104,72,13,23,12,20,50,47,29,40,0,13,527,233,344,114,143,86,49,40,94,79,201,93,201,93,0,13,183,150,0,13,0,13,34,45,0,13,149,135,0,13
1400000US13063040522,13063040522,"Census Tract 405.22, Clayton County, Georgia",4451,567,4301,585,3445,642,890,168,302,121,588,129,387,140,1187,304,1187,304,0,13,0,13,199,164,195,121,251,167,0,13,39,62,196,105,101,99,0,13,0,13,20,33,0,13,81,91,856,256,724,180,371,170,277,128,94,84,353,139,353,139,0,13,132,121,66,101,38,57,28,46,0,13,0,13,150,103
1400000US13063040523,13063040523,"Census Tract 405.23, Clayton County, Georgia",3798,594,3789,594,3431,650,621,119,266,83,355,123,217,83,1394,357,1256,306,0,13,138,195,104,107,196,148,96,102,26,42,130,112,390,252,257,153,0,13,0,13,122,56,0,13,135,120,358,147,322,129,150,81,127,83,23,33,172,94,172,94,0,13,36,52,0,13,36,52,0,13,0,13,0,13,9,4
1400000US13063040524,13063040524,"Census Tract 405.24, Clayton County, Georgia",7668,1049,7666,1049,6436,1102,1600,196,606,175,994,222,772,177,2718,670,2475,545,16,25,227,295,177,149,24,38,108,107,0,19,0,19,513,368,524,356,267,284,116,188,57,48,0,19,84,126,1230,392,952,170,353,127,320,135,33,44,599,151,524,140,75,76,278,308,26,42,116,150,30,34,0,19,106,165,2,4
1400000US13063040525,13063040525,"Census Tract 405.25, Clayton County, Georgia",2826,444,2822,444,2442,552,640,113,234,83,406,112,304,76,1125,374,1086,365,18,29,21,35,117,90,72,62,109,87,0,13,0,13,75,76,0,13,0,13,0,13,0,13,0,13,0,13,380,175,298,124,82,69,75,67,7,11,216,100,159,84,57,55,82,73,29,45,0,13,53,57,0,13,0,13,4,4
1400000US13063040526,13063040526,"Census Tract 405.26, Clayton County, Georgia",5959,863,5959,863,4840,914,1087,184,301,139,786,199,519,161,2258,603,2042,619,33,51,183,115,186,140,256,203,124,97,13,21,32,55,189,170,176,136,54,68,0,19,53,46,0,19,69,98,1119,286,791,184,377,137,288,122,89,65,414,155,379,156,35,41,328,193,0,19,95,119,55,51,0,19,178,157,0,19
1400000US13063040606,13063040606,"Census Tract 406.06, Clayton County, Georgia",3279,496,3053,512,2743,500,771,134,279,87,492,123,412,90,1297,298,1256,294,6,9,35,37,117,77,15,23,71,61,0,13,15,23,18,30,27,22,0,13,0,13,27,22,0,13,0,13,310,103,277,85,74,46,62,43,12,19,203,76,186,74,17,16,33,33,0,13,0,13,21,25,0,13,12,19,226,121
1400000US13063040608,13063040608,"Census Tract 406.08, Clayton County, Georgia",11091,820,11089,820,10176,905,2893,260,1476,235,1417,218,2041,238,4072,541,3609,559,218,208,245,156,491,253,220,142,116,72,27,39,37,60,218,206,61,70,0,21,0,21,61,70,0,21,0,21,913,262,798,208,322,116,313,113,9,15,476,165,399,145,77,64,115,109,0,21,67,103,48,41,0,21,0,21,2,3
1400000US13063040609,13063040609,"Census Tract 406.09, Clayton County, Georgia",6036,602,6020,602,4843,650,1404,162,882,145,522,163,1093,151,1714,295,1573,302,36,43,105,86,145,125,51,65,41,56,0,19,11,18,235,181,149,107,39,63,0,19,24,38,0,19,86,79,1177,396,845,176,300,159,140,86,160,149,545,130,483,140,62,66,332,268,0,19,112,167,183,148,0,19,37,54,16,9
1400000US13063040611,13063040611,"Census Tract 406.11, Clayton County, Georgia",6328,923,6318,922,5089,1006,1279,249,530,212,749,175,685,209,2280,605,2082,581,112,109,86,83,174,121,159,119,135,125,68,100,0,19,155,127,154,118,74,113,0,19,50,73,30,48,0,19,1229,304,1041,243,473,182,395,165,78,87,568,169,496,158,72,53,188,117,31,53,55,65,73,64,0,19,29,46,10,8
1400000US13063040612,13063040612,"Census Tract 406.12, Clayton County, Georgia",7167,647,4556,682,3625,702,930,151,277,117,653,137,450,115,1582,397,1567,395,0,19,15,19,190,181,69,57,90,61,0,19,16,20,162,133,136,109,49,68,0,19,41,53,0,19,46,53,931,404,613,143,294,103,218,84,76,67,319,105,319,105,0,19,318,327,0,19,147,186,3,5,0,19,168,270,2611,273
1400000US13063040613,13063040613,"Census Tract 406.13, Clayton County, Georgia",7194,688,7179,688,6355,752,1744,205,868,175,876,195,1282,189,2661,519,2488,512,68,76,105,81,233,145,94,94,54,50,23,35,15,27,141,120,108,77,0,19,0,19,38,35,23,42,47,50,824,199,772,183,286,120,269,123,17,27,486,137,465,128,21,29,52,60,0,19,0,19,46,50,0,19,6,16,15,9
1400000US13063040614,13063040614,"Census Tract 406.14, Clayton County, Georgia",4975,534,4887,528,4283,583,1369,129,738,118,631,133,1143,129,1332,294,1218,272,23,35,91,88,253,262,5,12,45,47,39,61,0,13,79,80,18,24,0,13,0,13,11,16,0,13,7,14,604,166,564,137,205,97,167,78,38,42,359,105,359,105,0,13,40,43,0,13,0,13,40,43,0,13,0,13,88,60
1400000US13063040615,13063040615,"Census Tract 406.15, Clayton County, Georgia",2221,445,2219,445,2028,477,529,83,283,113,246,81,234,89,1126,398,1068,408,53,90,5,10,105,83,9,16,11,18,0,13,0,13,14,21,0,13,0,13,0,13,0,13,0,13,0,13,191,127,93,55,60,41,34,32,26,28,33,33,10,14,23,31,98,85,0,13,39,50,21,32,0,13,38,60,2,2
1400000US13063040616,13063040616,"Census Tract 406.16, Clayton County, Georgia",7593,1144,7588,1144,6214,1198,1594,253,731,195,863,209,762,215,2609,753,2461,742,0,19,148,116,42,65,220,198,153,120,29,163,29,45,460,357,316,302,0,19,27,38,85,92,0,19,204,286,1374,358,1178,270,519,197,487,187,32,51,659,200,554,178,105,93,196,153,45,78,79,93,72,83,0,19,0,19,5,7
1400000US13063040617,13063040617,"Census Tract 406.17, Clayton County, Georgia",1389,451,1389,451,1262,452,316,98,111,86,205,94,209,93,464,220,423,200,0,13,41,54,32,48,0,13,0,13,0,13,0,13,212,313,29,33,0,13,0,13,17,24,0,13,12,21,127,81,98,55,98,55,86,54,12,21,0,13,0,13,0,13,29,47,0,13,0,13,0,13,0,13,29,47,0,13
1400000US13063040619,13063040619,"Census Tract 406.19, Clayton County, Georgia",3246,475,3246,475,2895,508,752,107,314,100,438,116,402,94,1441,315,1407,309,11,17,23,31,109,85,10,15,30,35,0,13,0,13,119,121,32,43,0,13,0,13,0,13,5,11,27,42,351,205,265,126,136,96,96,85,40,49,129,89,129,89,0,13,86,125,0,13,0,13,34,42,0,13,52,87,0,13
1400000US13063040620,13063040620,"Census Tract 406.20, Clayton County, Georgia",3286,424,3282,424,2750,539,753,132,361,125,392,108,520,134,937,226,839,202,23,38,75,63,29,47,148,133,105,88,19,32,16,27,210,214,13,21,0,13,0,13,13,21,0,13,0,13,532,294,363,133,166,88,110,55,56,64,197,107,197,107,0,13,169,204,0,13,0,13,53,60,0,13,116,147,4,7
1400000US13063040621,13063040621,"Census Tract 406.21, Clayton County, Georgia",7794,818,7789,818,6665,885,1745,219,624,157,1121,211,959,173,2901,570,2820,579,7,11,74,76,260,131,62,73,195,190,0,19,109,109,235,222,199,147,0,19,21,36,44,43,0,19,134,135,1124,390,760,199,292,162,154,90,138,133,468,161,341,147,127,98,364,228,0,19,75,73,181,136,0,19,108,132,5,6
1400000US13063040622,13063040622,"Census Tract 406.22, Clayton County, Georgia",8209,1080,8209,1080,7540,1165,1846,235,972,271,874,207,1136,223,3592,809,3312,827,244,228,36,45,133,102,206,146,25,41,14,24,0,19,423,307,165,142,0,19,17,26,13,21,0,19,135,147,669,216,622,177,279,118,262,116,17,27,343,136,343,136,0,19,47,74,0,19,0,19,21,34,0,19,26,41,0,19
1400000US13063980000,13063980000,"Census Tract 9800, Clayton County, Georgia",0,13,0,13,0,13,0,13,0,13,0,13,0,13,0,13,0,13,0,13,0,13,0,13,0,13,0,13,0,13,0,13,0,13,0,13,0,13,0,13,0,13,0,13,0,13,0,13,0,13,0,13,0,13,0,13,0,13,0,13,0,13,0,13,0,13,0,13,0,13,0,13,0,13,0,13
1400000US13065970100,13065970100,"Census Tract 9701, Clinch County, Georgia",5325,212,5174,216,4405,271,1293,155,673,146,620,137,982,141,1568,242,1439,244,40,41,89,63,280,135,113,92,10,20,0,19,2,4,89,79,68,58,0,19,0,19,37,47,0,19,31,36,769,165,698,146,212,96,203,96,9,11,486,111,429,115,57,46,71,59,0,19,28,34,43,46,0,19,0,19,151,86
1400000US13065970200,13065970200,"Census Tract 9702, Clinch County, Georgia",1475,212,1429,199,1205,204,436,78,236,81,200,71,252,81,390,120,346,121,10,15,34,44,41,38,32,33,0,13,0,13,9,11,39,36,6,8,0,13,1,3,3,5,0,13,2,4,224,85,165,52,95,42,73,43,22,25,70,42,66,41,4,6,59,64,0,13,52,62,7,11,0,13,0,13,46,83
1400000US13067030101,13067030101,"Census Tract 301.01, Cobb County, Georgia",7672,628,7672,628,7106,643,2135,165,1491,214,644,172,1704,160,2529,490,2270,454,65,78,194,168,36,61,370,303,144,127,17,28,0,19,91,105,80,74,0,19,0,19,18,28,0,19,62,69,566,206,449,151,145,91,107,84,38,34,304,125,267,113,37,55,117,94,13,26,44,49,0,19,0,19,60,78,0,19
1400000US13067030103,13067030103,"Census Tract 301.03, Cobb County, Georgia",8105,635,8078,634,6609,724,2099,232,1348,229,751,184,1928,251,2133,330,2049,336,31,36,53,48,250,147,17,28,0,19,8,15,20,31,116,186,38,49,0,19,0,19,0,19,12,22,26,42,1469,509,882,233,423,162,174,105,249,128,459,157,354,127,105,96,587,330,19,31,137,104,228,141,0,19,203,179,27,33
1400000US13067030104,13067030104,"Census Tract 301.04, Cobb County, Georgia",3711,480,3711,480,3093,463,862,142,625,133,237,108,680,139,1252,272,1182,265,12,21,58,48,41,54,74,57,0,13,0,13,0,13,113,113,71,64,0,13,0,13,39,48,10,27,22,36,618,179,535,145,89,64,89,64,0,13,446,139,371,134,75,61,83,67,0,13,27,42,56,57,0,13,0,13,0,13
1400000US13067030106,13067030106,"Census Tract 301.06, Cobb County, Georgia",6846,538,6843,538,5847,591,1786,196,897,196,889,215,1148,205,2117,286,2004,300,80,76,33,37,72,67,150,106,166,127,0,19,43,66,187,163,178,144,68,79,88,81,0,19,0,19,22,35,996,206,848,178,394,148,346,155,48,46,454,160,370,154,84,63,148,91,0,19,46,44,69,59,0,19,33,52,3,7
1400000US13067030107,13067030107,"Census Tract 301.07, Cobb County, Georgia",4560,497,4560,497,4184,551,1276,185,760,208,516,177,1040,174,1416,237,1245,217,54,62,117,113,131,129,47,57,104,95,0,13,49,73,62,89,59,55,0,13,0,13,21,25,0,13,38,49,376,147,341,140,97,73,87,72,10,17,244,125,224,131,20,34,35,45,0,13,0,13,11,19,0,13,24,41,0,13
1400000US13067030209,13067030209,"Census Tract 302.09, Cobb County, Georgia",6436,350,6436,350,5892,444,1845,162,1272,174,573,161,1610,156,2159,227,1964,232,135,105,60,58,21,36,71,76,25,28,14,22,14,23,43,59,90,70,52,53,11,18,7,13,0,19,20,32,544,176,486,158,226,106,213,103,13,22,260,109,210,98,50,40,58,44,0,19,0,19,58,44,0,19,0,19,0,19
1400000US13067030214,13067030214,"Census Tract 302.14, Cobb County, Georgia",8516,499,8513,499,7813,531,2093,145,1393,211,700,213,1749,150,3374,339,3245,332,109,87,20,31,199,210,39,38,151,98,57,46,92,136,0,19,59,50,0,19,12,18,23,26,0,19,24,36,700,200,642,182,247,115,211,109,36,47,395,151,381,149,14,21,58,60,0,19,31,52,27,29,0,19,0,19,3,3
1400000US13067030215,13067030215,"Census Tract 302.15, Cobb County, Georgia",8967,699,8945,698,8168,780,2345,180,1672,211,673,176,1876,158,3160,496,3058,501,16,25,86,80,239,143,64,44,127,111,36,45,38,45,186,113,97,96,0,19,0,19,97,96,0,19,0,19,777,242,672,205,315,133,292,134,23,30,357,151,329,152,28,32,105,102,15,25,25,34,0,19,0,19,65,91,22,28
1400000US13067030218,13067030218,"Census Tract 302.18, Cobb County, Georgia",5445,591,5445,591,5199,680,1452,124,1111,140,341,104,1430,121,1894,275,1700,281,106,84,88,111,123,106,156,217,0,19,0,19,32,47,19,30,93,113,0,19,28,51,26,46,39,57,0,19,246,122,246,122,73,59,73,59,0,19,173,96,173,96,0,19,0,19,0,19,0,19,0,19,0,19,0,19,0,19
1400000US13067030219,13067030219,"Census Tract 302.19, Cobb County, Georgia",9474,734,9474,734,9002,834,2627,187,1783,190,844,167,2369,195,3718,565,3485,531,142,106,91,79,104,73,0,19,0,19,53,63,22,35,77,69,32,51,0,19,0,19,0,19,0,19,32,51,472,196,401,160,230,118,218,116,12,20,171,108,118,89,53,62,71,71,0,19,0,19,11,17,0,19,60,69,0,19
1400000US13067030220,13067030220,"Census Tract 302.20, Cobb County, Georgia",1688,333,1688,333,1540,402,483,72,329,85,154,107,388,90,541,270,541,270,0,13,0,13,19,24,0,13,0,13,0,13,0,13,20,33,89,125,0,13,0,13,89,125,0,13,0,13,148,85,109,60,41,38,25,26,16,26,68,50,53,42,15,25,39,34,0,13,39,34,0,13,0,13,0,13,0,13
1400000US13067030222,13067030222,"Census Tract 302.22, Cobb County, Georgia",6359,373,6359,373,6004,442,1761,102,1089,149,672,155,1497,136,2352,349,2167,339,102,79,83,57,112,116,54,50,99,82,0,19,0,19,0,19,129,96,0,19,8,14,32,46,0,19,89,93,355,171,221,101,75,73,7,12,68,72,146,82,125,84,21,27,134,99,0,19,119,95,15,26,0,19,0,19,0,19
1400000US13067030223,13067030223,"Census Tract 302.23, Cobb County, Georgia",5645,511,5645,511,4315,596,1328,184,783,160,545,164,994,197,1617,366,1495,364,40,50,82,102,112,144,34,41,61,60,18,31,0,19,0,19,151,152,0,19,0,19,52,56,0,19,99,111,1330,312,883,187,378,148,254,130,124,99,505,146,270,92,235,95,447,164,29,50,254,130,164,93,0,19,0,19,0,19
1400000US13067030224,13067030224,"Census Tract 302.24, Cobb County, Georgia",6077,452,6077,452,5390,551,1721,179,854,199,867,181,1221,192,2055,311,1838,332,52,60,165,145,55,56,29,34,100,98,0,19,41,62,62,66,106,78,41,58,0,19,36,34,0,19,29,32,687,184,624,164,191,97,161,96,30,34,433,160,422,153,11,18,63,64,0,19,12,21,36,42,0,19,15,24,0,19
1400000US13067030226,13067030226,"Census Tract 302.26, Cobb County, Georgia",8509,823,8509,823,7497,971,2304,306,1330,235,974,270,1722,272,2909,524,2738,490,39,37,132,134,19,24,169,130,148,112,0,19,0,19,41,54,185,141,0,19,78,93,39,41,0,19,68,92,1012,292,843,212,226,115,226,115,0,19,617,198,436,159,181,138,169,136,0,19,50,42,119,128,0,19,0,19,0,19
1400000US13067030227,13067030227,"Census Tract 302.27, Cobb County, Georgia",7748,721,7705,722,6519,754,1713,179,909,197,804,184,1165,216,2117,480,1844,412,82,88,191,207,148,158,182,111,297,176,0,19,51,69,588,490,258,206,12,21,142,143,63,99,0,19,41,76,1186,329,823,205,423,140,201,89,222,141,400,157,343,148,57,46,363,174,0,19,255,158,76,64,0,19,32,39,43,28
1400000US13067030228,13067030228,"Census Tract 302.28, Cobb County, Georgia",6626,597,6619,597,4084,709,1283,213,768,183,515,162,851,186,1558,380,1526,380,32,39,0,19,38,39,91,107,127,108,0,19,0,19,44,72,92,99,0,19,76,100,0,19,0,19,16,26,2535,461,1658,255,920,227,581,205,339,158,738,185,433,147,305,141,877,285,26,31,454,227,339,128,0,19,58,68,7,5
1400000US13067030229,13067030229,"Census Tract 302.29, Cobb County, Georgia",4515,610,2855,446,2291,435,631,92,195,79,436,95,495,94,800,241,722,261,35,44,43,50,56,70,21,28,49,41,0,13,21,35,71,98,147,101,49,57,64,100,0,13,0,13,34,54,564,195,429,116,162,84,154,83,8,13,267,106,217,100,50,48,135,128,0,13,135,128,0,13,0,13,0,13,1660,428
1400000US13067030230,13067030230,"Census Tract 302.30, Cobb County, Georgia",12765,993,12534,982,10419,1095,3301,335,1950,344,1351,269,2163,281,4093,520,3923,524,43,42,127,103,94,73,242,233,206,133,53,55,40,37,124,100,103,85,0,21,43,70,60,54,0,21,0,21,2115,487,1760,362,723,275,586,267,137,121,1037,253,933,239,104,95,355,221,22,34,237,179,31,51,0,21,65,103,231,115
1400000US13067030231,13067030231,"Census Tract 302.31, Cobb County, Georgia",7150,338,7148,338,6755,410,2204,128,1595,193,609,170,2138,139,2180,218,2042,251,45,42,93,92,47,56,0,19,120,95,0,19,38,42,16,28,12,20,0,19,0,19,0,19,12,20,0,19,393,135,378,129,161,94,147,91,14,22,217,92,217,92,0,19,15,24,0,19,0,19,15,24,0,19,0,19,2,3
1400000US13067030232,13067030232,"Census Tract 302.32, Cobb County, Georgia",5563,420,5563,420,5317,437,1649,134,1087,185,562,175,1277,151,1929,311,1741,289,159,204,29,32,116,84,77,98,127,119,47,48,22,33,16,24,57,60,0,19,0,19,57,60,0,19,0,19,246,90,246,90,65,49,65,49,0,19,181,80,181,80,0,19,0,19,0,19,0,19,0,19,0,19,0,19,0,19
1400000US13067030233,13067030233,"Census Tract 302.33, Cobb County, Georgia",4247,282,4245,282,3795,351,1198,112,765,106,433,115,986,102,1426,206,1312,196,43,45,71,57,45,46,0,13,21,31,0,13,0,13,36,46,83,78,0,13,0,13,28,42,10,16,45,54,450,173,348,128,167,80,98,51,69,59,181,112,162,110,19,30,102,72,0,13,25,35,63,52,0,13,14,23,2,5
1400000US13067030234,13067030234,"Census Tract 302.34, Cobb County, Georgia",5374,402,5343,401,4947,424,1513,116,914,146,599,166,1400,106,1964,299,1895,300,24,25,45,52,11,17,7,13,13,20,10,19,12,19,17,27,0,19,0,19,0,19,0,19,0,19,0,19,396,191,276,115,166,101,106,72,60,72,110,58,73,54,37,36,120,95,0,19,72,88,31,30,0,19,17,20,31,37
1400000US13067030235,13067030235,"Census Tract 302.35, Cobb County, Georgia",4619,265,4619,265,4458,273,1391,79,929,122,462,113,1239,102,1534,148,1399,159,46,55,89,75,129,104,0,13,7,11,16,18,60,51,62,47,20,25,0,13,0,13,0,13,13,21,7,12,161,85,153,82,63,58,55,56,8,12,90,50,90,50,0,13,8,12,0,13,0,13,8,12,0,13,0,13,0,13
1400000US13067030236,13067030236,"Census Tract 302.36, Cobb County, Georgia",4427,240,4427,240,4372,241,1284,72,845,134,439,124,1112,82,1826,169,1652,171,93,97,81,83,64,79,7,22,10,18,0,13,38,46,0,13,31,35,0,13,0,13,16,25,0,13,15,24,55,38,48,31,26,29,26,29,0,13,22,25,16,20,6,11,7,11,0,13,0,13,7,11,0,13,0,13,0,13
1400000US13067030238,13067030238,"Census Tract 302.38, Cobb County, Georgia",6772,459,6772,459,6201,489,1786,145,1092,196,694,168,1624,150,2591,288,2467,293,74,68,50,49,76,93,18,29,42,54,2,8,0,19,24,37,38,44,22,34,0,19,16,26,0,19,0,19,571,294,371,132,173,95,169,97,4,11,198,117,80,62,118,117,200,202,0,19,71,108,62,85,0,19,67,99,0,19
1400000US13067030239,13067030239,"Census Tract 302.39, Cobb County, Georgia",8178,658,8178,658,7929,692,2264,149,1502,185,762,208,2053,177,3240,392,3026,428,136,111,78,66,123,119,0,19,90,121,11,18,28,41,37,46,83,99,0,19,10,18,0,19,73,98,0,19,249,125,238,118,118,90,118,90,0,19,120,72,108,68,12,19,11,19,0,19,0,19,11,19,0,19,0,19,0,19
1400000US13067030310,13067030310,"Census Tract 303.10, Cobb County, Georgia",8640,585,8638,586,7932,677,2183,168,1324,172,859,198,1574,213,3059,410,2731,397,49,58,279,180,138,96,80,79,174,125,24,40,23,36,204,164,473,245,0,19,132,101,206,128,0,19,135,115,706,270,494,152,297,126,177,86,120,88,197,88,168,83,29,33,212,160,37,41,99,145,76,66,0,19,0,19,2,10
1400000US13067030311,13067030311,"Census Tract 303.11, Cobb County, Georgia",6571,534,6568,535,5964,615,1786,133,1332,171,454,141,1520,140,2097,382,1955,377,14,25,128,101,63,66,101,106,155,128,16,27,27,42,154,97,45,53,0,19,0,19,24,29,0,19,21,42,604,189,477,137,208,107,157,93,51,56,269,87,229,83,40,40,127,94,14,23,57,68,34,37,0,19,22,34,3,4
1400000US13067030312,13067030312,"Census Tract 303.12, Cobb County, Georgia",6646,380,6635,381,5685,555,1755,179,1009,195,746,216,1353,174,1914,267,1891,268,23,41,0,19,113,121,66,60,90,77,77,90,28,45,100,83,189,130,76,101,33,56,69,56,0,19,11,19,950,272,717,168,277,118,171,101,106,77,440,167,312,122,128,117,233,134,0,19,0,19,233,134,0,19,0,19,11,7
1400000US13067030313,13067030313,"Census Tract 303.13, Cobb County, Georgia",7777,776,7766,776,7122,872,2199,237,1533,263,666,174,1789,240,2358,500,2135,472,74,71,149,106,158,165,109,104,242,193,33,36,20,33,64,54,150,123,28,45,35,56,0,19,0,19,87,102,644,194,603,178,390,153,364,156,26,30,213,115,213,115,0,19,41,52,0,19,28,47,13,21,0,19,0,19,11,11
1400000US13067030314,13067030314,"Census Tract 303.14, Cobb County, Georgia",8197,497,8169,496,7603,567,2233,142,1313,189,920,183,1764,168,3067,362,2870,368,113,112,84,95,177,115,19,32,51,79,8,15,0,19,107,107,177,146,90,90,69,99,18,28,0,19,0,19,566,196,431,131,161,69,110,57,51,41,270,116,192,93,78,79,135,92,0,19,20,32,99,84,0,19,16,25,28,20
1400000US13067030318,13067030318,"Census Tract 303.18, Cobb County, Georgia",7702,341,7666,342,7087,408,2263,133,1551,193,712,175,2110,139,2540,247,2392,277,78,74,70,82,21,24,0,19,85,87,0,19,0,19,0,19,68,55,0,19,24,29,0,19,0,19,44,50,579,143,536,134,273,100,241,103,32,33,263,112,256,111,7,13,43,38,0,19,14,23,15,18,0,19,14,25,36,20
1400000US13067030319,13067030319,"Census Tract 303.19, Cobb County, Georgia",4226,339,4226,339,3758,379,1163,89,692,94,471,106,958,67,1516,276,1341,221,28,34,147,156,0,13,8,13,31,33,25,29,0,13,14,22,43,44,15,22,0,13,0,13,0,13,28,39,468,96,468,96,170,71,170,71,0,13,298,88,298,88,0,13,0,13,0,13,0,13,0,13,0,13,0,13,0,13
1400000US13067030320,13067030320,"Census Tract 303.20, Cobb County, Georgia",7230,503,7227,504,5285,550,1880,209,1201,164,679,191,1462,169,1717,307,1681,308,36,34,0,19,0,19,7,14,39,60,42,51,0,19,65,85,73,99,0,19,0,19,11,16,62,98,0,19,1942,358,1501,230,742,178,520,166,222,111,759,190,618,164,141,111,441,189,13,20,193,155,198,107,0,19,37,36,3,8
1400000US13067030322,13067030322,"Census Tract 303.22, Cobb County, Georgia",3585,235,3585,235,3415,263,1073,76,629,95,444,88,921,82,1225,140,1143,124,68,72,14,18,35,37,38,39,53,44,0,13,9,13,19,29,42,39,0,13,6,11,0,13,0,13,36,38,170,70,142,55,61,37,34,26,27,25,81,43,81,43,0,13,28,25,0,13,0,13,28,25,0,13,0,13,0,13
1400000US13067030324,13067030324,"Census Tract 303.24, Cobb County, Georgia",3590,273,3584,273,3302,325,1021,90,647,111,374,113,797,111,1338,172,1270,170,39,37,29,35,30,46,0,13,8,14,7,13,11,19,40,57,50,62,0,13,40,60,10,17,0,13,0,13,282,101,232,83,88,50,77,46,11,17,144,71,102,62,42,37,50,39,0,13,0,13,50,39,0,13,0,13,6,4
1400000US13067030326,13067030326,"Census Tract 303.26, Cobb County, Georgia",4565,414,4565,414,4419,427,1305,66,824,115,481,116,1216,92,1654,274,1447,254,43,44,164,123,66,69,0,13,46,43,0,13,15,21,91,107,26,40,0,13,0,13,0,13,0,13,26,40,146,74,114,54,30,27,10,15,20,22,84,45,74,42,10,16,32,29,0,13,12,19,20,23,0,13,0,13,0,13
1400000US13067030327,13067030327,"Census Tract 303.27, Cobb County, Georgia",3993,320,3991,320,3680,382,1243,116,799,137,444,103,981,121,1307,209,1225,204,46,46,36,33,35,37,39,45,21,23,23,25,0,13,0,13,31,45,0,13,0,13,31,45,0,13,0,13,311,119,239,85,84,53,30,25,54,40,155,67,148,65,7,13,72,48,0,13,25,27,37,41,0,13,10,15,2,3
1400000US13067030328,13067030328,"Census Tract 303.28, Cobb County, Georgia",6506,321,6504,321,5906,403,1829,132,1207,150,622,132,1704,134,2147,219,2028,219,85,62,34,42,37,60,0,19,140,98,23,36,0,19,18,28,8,12,0,19,0,19,8,12,0,19,0,19,598,232,444,130,280,122,189,99,91,73,164,93,138,88,26,43,154,128,19,30,62,102,73,66,0,19,0,19,2,3
1400000US13067030329,13067030329,"Census Tract 303.29, Cobb County, Georgia",4419,263,4419,263,4013,297,1290,105,807,117,483,105,1056,123,1347,158,1217,168,21,23,109,74,41,36,84,71,68,62,0,13,12,19,38,31,77,66,47,59,2,9,18,22,0,13,10,16,406,115,319,81,189,71,139,70,50,40,130,55,130,55,0,13,87,67,0,13,63,54,15,16,0,13,9,14,0,13
1400000US13067030330,13067030330,"Census Tract 303.30, Cobb County, Georgia",5479,330,5471,331,5237,358,1693,128,1118,142,575,122,1434,133,1874,198,1772,214,47,61,55,48,48,48,39,42,14,22,40,44,15,24,36,53,44,39,0,19,0,19,26,29,0,19,18,29,234,90,234,90,114,70,114,70,0,19,120,58,120,58,0,19,0,19,0,19,0,19,0,19,0,19,0,19,8,5
1400000US13067030331,13067030331,"Census Tract 303.31, Cobb County, Georgia",5562,263,5554,263,5238,301,1663,89,1025,133,638,136,1407,100,1897,225,1706,228,65,59,126,80,72,57,0,19,73,66,0,19,25,34,25,27,76,61,12,17,24,28,27,36,0,19,13,21,316,103,267,79,116,50,92,43,24,27,151,54,129,51,22,26,49,40,0,19,11,17,38,35,0,19,0,19,8,6
1400000US13067030332,13067030332,"Census Tract 303.32, Cobb County, Georgia",3185,239,3087,231,2722,269,835,65,628,80,207,74,729,78,1096,177,1021,168,75,74,0,13,0,13,0,13,19,29,5,11,0,13,24,25,14,17,0,13,0,13,8,13,0,13,6,11,365,120,274,79,132,72,70,64,62,62,142,68,122,65,20,24,91,62,30,39,25,32,36,38,0,13,0,13,98,45
1400000US13067030333,13067030333,"Census Tract 303.33, Cobb County, Georgia",6090,455,6085,456,5828,474,1852,115,1168,166,684,156,1617,149,2044,338,1881,350,67,72,96,122,69,84,0,19,128,102,13,20,18,30,47,76,40,60,0,19,0,19,40,60,0,19,0,19,257,98,244,93,113,73,99,73,14,22,131,66,131,66,0,19,13,21,0,19,0,19,13,21,0,19,0,19,5,7
1400000US13067030334,13067030334,"Census Tract 303.34, Cobb County, Georgia",3234,221,3234,221,2900,241,983,81,686,77,297,85,872,69,978,142,903,125,75,58,0,13,19,21,0,13,0,13,9,15,0,13,10,17,29,29,0,13,0,13,19,19,0,13,10,13,334,137,250,82,50,36,50,36,0,13,200,85,131,56,69,54,84,69,0,13,28,50,56,46,0,13,0,13,0,13
1400000US13067030335,13067030335,"Census Tract 303.35, Cobb County, Georgia",4598,256,4598,256,4403,269,1413,89,985,97,428,90,1332,96,1542,142,1481,137,11,16,50,38,16,26,0,13,22,25,37,40,9,15,17,27,15,28,0,13,15,28,0,13,0,13,0,13,195,61,186,58,61,37,61,37,0,13,125,51,116,51,9,15,9,14,0,13,0,13,9,14,0,13,0,13,0,13
1400000US13067030336,13067030336,"Census Tract 303.36, Cobb County, Georgia",7708,414,7708,414,7350,482,2141,122,1639,171,502,135,1937,132,3128,331,3032,343,80,61,16,25,0,19,0,19,38,44,51,47,17,34,38,61,0,19,0,19,0,19,0,19,0,19,0,19,358,136,312,118,80,51,45,43,35,33,232,91,221,88,11,18,46,41,0,19,13,21,33,34,0,19,0,19,0,19
1400000US13067030337,13067030337,"Census Tract 303.37, Cobb County, Georgia",4620,263,4620,263,4361,262,1383,83,929,92,454,92,1263,76,1579,152,1565,149,14,21,0,13,76,68,0,13,25,27,0,13,13,21,9,14,13,20,0,13,0,13,0,13,0,13,13,20,259,114,197,67,45,30,38,28,7,11,152,63,96,41,56,53,62,55,0,13,0,13,62,55,0,13,0,13,0,13
1400000US13067030339,13067030339,"Census Tract 303.39, Cobb County, Georgia",5383,446,5383,446,2351,492,895,176,399,144,496,153,613,161,596,193,573,195,0,19,23,36,0,19,56,68,106,88,0,19,0,19,50,60,35,44,0,19,0,19,10,18,0,19,25,39,3032,394,2155,197,1107,202,717,159,390,165,1048,203,768,194,280,120,877,280,85,74,619,272,156,90,0,19,17,26,0,19
1400000US13067030340,13067030340,"Census Tract 303.40, Cobb County, Georgia",3822,187,3822,187,3645,236,1110,80,792,104,318,82,988,75,1486,147,1416,159,44,67,26,41,0,13,0,13,48,44,0,13,13,24,0,13,0,13,0,13,0,13,0,13,0,13,0,13,177,74,177,74,125,62,125,62,0,13,52,39,52,39,0,13,0,13,0,13,0,13,0,13,0,13,0,13,0,13
1400000US13067030341,13067030341,"Census Tract 303.41, Cobb County, Georgia",4550,304,4550,304,4129,409,1279,112,778,129,501,111,1118,134,1670,210,1632,209,8,13,30,35,25,29,11,19,0,13,0,13,0,13,0,13,26,35,0,13,12,23,0,13,14,25,0,13,421,173,291,112,170,76,95,57,75,61,121,81,85,69,36,34,130,81,0,13,68,64,41,40,0,13,21,33,0,13
1400000US13067030342,13067030342,"Census Tract 303.42, Cobb County, Georgia",4853,338,4851,338,4630,378,1433,93,1086,130,347,120,1266,104,1643,232,1572,220,29,32,42,41,154,103,0,13,0,13,0,13,11,19,33,45,90,71,0,13,53,53,25,39,12,19,0,13,221,88,221,88,84,72,84,72,0,13,137,64,137,64,0,13,0,13,0,13,0,13,0,13,0,13,0,13,2,2
1400000US13067030343,13067030343,"Census Tract 303.43, Cobb County, Georgia",4858,175,4858,175,4756,197,1506,64,881,144,625,136,1274,101,1796,175,1658,183,117,86,21,32,13,19,15,22,52,54,83,64,17,25,0,13,0,13,0,13,0,13,0,13,0,13,0,13,102,54,102,54,31,35,31,35,0,13,71,45,71,45,0,13,0,13,0,13,0,13,0,13,0,13,0,13,0,13
1400000US13067030344,13067030344,"Census Tract 303.44, Cobb County, Georgia",3272,455,3269,455,2059,472,696,148,346,111,350,136,359,107,653,218,624,221,22,29,7,13,73,83,6,17,76,50,0,13,0,13,81,111,115,87,42,61,0,13,73,68,0,13,0,13,1210,256,977,160,479,153,385,128,94,84,498,155,410,132,88,77,233,145,0,13,144,122,89,75,0,13,0,13,3,7
1400000US13067030345,13067030345,"Census Tract 303.45, Cobb County, Georgia",5078,585,5060,581,3618,668,1214,207,809,233,405,149,794,214,1141,349,1011,313,78,109,52,84,36,51,63,82,73,82,0,19,0,19,222,167,75,63,0,19,0,19,43,42,0,19,32,50,1442,256,1068,171,693,178,466,158,227,100,375,119,315,113,60,51,374,151,0,19,307,146,67,71,0,19,0,19,18,29
1400000US13067030405,13067030405,"Census Tract 304.05, Cobb County, Georgia",6376,532,6376,532,4540,655,1465,200,580,158,885,196,917,194,1620,308,1615,306,5,20,0,19,87,121,55,59,94,151,16,28,0,19,42,59,244,127,31,50,123,108,45,50,0,19,45,52,1836,333,1439,211,602,150,417,139,185,106,837,177,732,177,105,76,397,199,42,66,144,103,68,52,0,19,143,155,0,19
1400000US13067030407,13067030407,"Census Tract 304.07, Cobb County, Georgia",4472,244,4472,244,3542,331,1236,125,816,120,420,106,983,116,1000,154,953,154,0,13,47,60,144,182,25,28,25,29,0,13,0,13,72,69,57,55,0,13,8,12,10,15,29,48,10,16,930,242,775,165,267,115,184,82,83,72,508,127,467,125,41,51,155,117,0,13,89,108,66,65,0,13,0,13,0,13
1400000US13067030408,13067030408,"Census Tract 304.08, Cobb County, Georgia",3004,410,3004,410,2547,480,915,175,431,130,484,170,632,123,836,230,760,237,76,76,0,13,3,10,61,91,51,72,11,20,0,13,0,13,38,59,0,13,38,59,0,13,0,13,0,13,457,182,368,147,161,108,161,108,0,13,207,111,136,92,71,54,89,64,0,13,36,43,53,48,0,13,0,13,0,13
1400000US13067030409,13067030409,"Census Tract 304.09, Cobb County, Georgia",3567,252,3567,252,3375,270,1088,100,666,132,422,111,992,95,1092,210,1019,197,18,30,55,48,78,71,0,13,50,75,61,50,14,21,0,13,0,13,0,13,0,13,0,13,0,13,0,13,192,89,161,68,90,57,58,47,32,35,71,54,71,54,0,13,31,35,0,13,0,13,31,35,0,13,0,13,0,13
1400000US13067030410,13067030410,"Census Tract 304.10, Cobb County, Georgia",5171,513,5140,514,3913,637,1344,185,843,158,501,165,1052,178,1293,340,1249,330,17,26,27,39,0,19,31,50,0,19,29,47,0,19,87,118,77,75,31,49,0,19,17,27,0,19,29,52,1227,333,937,194,343,131,203,91,140,109,594,180,496,167,98,97,290,187,0,19,209,151,81,77,0,19,0,19,31,13
1400000US13067030411,13067030411,"Census Tract 304.11, Cobb County, Georgia",3628,561,3561,565,2502,555,709,157,234,96,475,133,215,106,1128,345,1128,345,0,13,0,13,98,92,100,83,0,13,0,13,0,13,60,36,192,109,30,50,15,25,95,79,0,13,52,53,1059,318,808,171,365,127,338,136,27,35,443,139,338,132,105,63,251,232,0,13,63,55,45,46,0,13,143,235,67,45
1400000US13067030412,13067030412,"Census Tract 304.12, Cobb County, Georgia",3924,488,3801,494,2738,593,800,151,395,124,405,141,272,85,1103,312,1053,314,0,13,50,51,86,109,69,66,73,60,0,13,29,34,151,90,155,114,0,13,47,57,100,85,0,13,8,13,1063,284,700,161,349,125,167,91,182,89,351,117,226,99,125,81,363,154,0,13,203,123,68,55,0,13,92,74,123,92
1400000US13067030413,13067030413,"Census Tract 304.13, Cobb County, Georgia",5408,786,5381,788,3959,855,1165,195,521,159,644,189,450,167,1766,548,1620,483,40,59,106,147,74,83,36,42,51,62,0,19,0,19,221,146,196,115,47,55,67,73,82,63,0,19,0,19,1422,391,1031,225,657,194,521,169,136,94,374,144,311,134,63,62,391,238,34,51,256,206,101,85,0,19,0,19,27,49
1400000US13067030414,13067030414,"Census Tract 304.14, Cobb County, Georgia",2711,471,2708,471,2213,478,631,142,209,114,422,133,187,111,1021,285,1021,285,0,13,0,13,19,30,88,92,28,33,0,13,21,33,82,66,136,87,35,50,0,13,74,67,0,13,27,40,495,155,427,134,319,111,272,115,47,48,108,77,100,76,8,13,68,61,0,13,38,46,30,38,0,13,0,13,3,7
1400000US13067030502,13067030502,"Census Tract 305.02, Cobb County, Georgia",6310,450,6305,449,5620,524,1886,173,1129,157,757,176,1546,157,1800,274,1751,278,4,10,45,52,69,92,66,54,52,53,16,47,25,33,82,61,78,55,0,19,15,25,63,57,0,19,0,19,685,195,607,165,185,81,152,74,33,35,422,133,380,128,42,44,78,57,0,19,16,25,62,52,0,19,0,19,5,3
1400000US13067030504,13067030504,"Census Tract 305.04, Cobb County, Georgia",6331,582,6325,582,5311,699,1655,226,942,170,713,221,1197,200,1629,350,1596,349,22,34,11,20,214,138,15,25,299,204,24,38,60,66,54,84,164,117,99,142,0,19,65,99,0,19,0,19,1014,258,779,192,307,131,239,123,68,59,472,148,358,152,114,73,235,134,0,19,25,41,134,86,0,19,76,110,6,7
1400000US13067030505,13067030505,"Census Tract 305.05, Cobb County, Georgia",6785,697,6785,697,4770,683,1416,195,617,152,799,180,710,192,1694,339,1606,344,77,91,11,17,8,23,236,192,174,101,60,64,0,19,283,113,189,107,0,19,30,52,112,95,0,19,47,55,2015,574,1297,209,699,175,471,147,228,120,598,188,506,187,92,66,718,460,0,19,526,440,147,70,0,19,45,77,0,19
1400000US13067030506,13067030506,"Census Tract 305.06, Cobb County, Georgia",4378,405,4359,399,3341,448,1095,157,601,163,494,167,807,158,1154,239,1134,240,0,13,20,28,123,88,41,62,0,13,29,40,49,35,0,13,43,63,0,13,26,45,9,20,0,13,8,19,1018,281,737,156,420,128,310,123,110,80,317,115,239,92,78,67,281,175,0,13,185,169,75,54,0,13,21,35,19,26
1400000US13067030507,13067030507,"Census Tract 305.07, Cobb County, Georgia",4577,448,4564,445,4010,463,1363,123,921,152,442,130,1058,129,1309,331,1215,319,10,18,84,89,31,36,76,70,96,93,0,13,21,31,0,13,56,48,15,24,19,30,15,24,0,13,7,10,554,111,511,97,159,78,136,77,23,25,352,106,334,107,18,27,43,40,0,13,20,31,23,25,0,13,0,13,13,14
1400000US13067030601,13067030601,"Census Tract 306.01, Cobb County, Georgia",8723,720,8720,720,5598,890,1856,315,1012,233,844,226,1221,260,1782,421,1708,407,63,85,11,19,155,125,202,129,43,50,17,27,0,19,191,137,131,109,0,19,0,19,131,109,0,19,0,19,3122,453,2340,293,1163,282,898,260,265,145,1177,261,864,250,313,186,782,267,0,19,497,233,257,144,0,19,28,42,3,3
1400000US13067030602,13067030602,"Census Tract 306.02, Cobb County, Georgia",6726,508,6287,465,4551,529,1556,162,1010,160,546,165,1335,160,1268,251,1135,275,32,38,101,75,95,132,15,25,79,81,19,31,54,76,101,98,29,35,0,19,0,19,29,35,0,19,0,19,1736,343,1538,260,540,189,457,171,83,76,998,251,905,226,93,105,198,141,0,19,88,93,110,95,0,19,0,19,439,170
1400000US13067030700,13067030700,"Census Tract 307, Cobb County, Georgia",4076,559,3934,562,2890,625,877,144,356,110,521,129,347,100,903,244,818,217,55,62,30,50,70,64,126,118,122,112,10,16,4,13,58,57,373,364,239,359,43,70,31,50,0,13,60,95,1044,243,823,172,404,126,286,120,118,79,419,136,347,134,72,56,221,118,51,69,65,67,105,66,0,13,0,13,142,44
1400000US13067030800,13067030800,"Census Tract 308, Cobb County, Georgia",4291,769,3226,543,2221,608,644,159,419,131,225,89,323,118,629,229,601,228,0,13,28,45,25,21,105,68,0,13,0,13,0,13,305,205,190,125,40,65,52,60,60,48,0,13,38,57,1005,275,691,141,351,121,181,81,170,98,340,113,302,97,38,49,314,171,180,135,56,52,10,16,0,13,68,78,1065,553
1400000US13067030901,13067030901,"Census Tract 309.01, Cobb County, Georgia",7131,502,7129,501,5984,595,2056,180,1339,198,717,209,1725,138,1851,258,1806,261,45,52,0,19,17,28,135,220,7,15,0,19,22,35,97,108,74,90,17,28,0,19,57,89,0,19,0,19,1145,235,1019,198,470,188,417,175,53,71,549,128,493,135,56,53,126,104,69,87,45,53,12,21,0,19,0,19,2,2
1400000US13067030902,13067030902,"Census Tract 309.02, Cobb County, Georgia",6151,864,6126,863,4216,918,1237,236,433,189,804,216,1017,215,1259,351,1190,326,29,47,40,71,75,125,94,83,0,19,0,19,78,88,108,104,348,364,0,19,0,19,32,51,0,19,316,362,1910,587,1231,251,426,163,192,85,234,149,805,194,657,168,148,109,679,408,429,373,95,93,155,109,0,19,0,19,25,14
1400000US13067030904,13067030904,"Census Tract 309.04, Cobb County, Georgia",6116,873,6116,873,5356,928,1590,210,708,199,882,211,933,204,1944,444,1909,442,0,19,35,40,145,145,10,22,111,159,0,19,27,37,279,314,317,363,11,22,243,364,63,70,0,19,0,19,760,252,598,171,234,119,154,91,80,86,364,124,295,115,69,72,162,121,97,101,3,10,62,65,0,19,0,19,0,19
1400000US13067030905,13067030905,"Census Tract 309.05, Cobb County, Georgia",8190,1307,5543,606,5022,616,1273,129,766,137,507,118,853,138,1944,251,1788,254,98,79,58,48,348,216,67,68,140,86,0,19,44,57,134,78,219,122,0,19,24,37,62,50,31,46,102,84,521,133,478,107,175,85,144,80,31,41,303,77,295,78,8,13,43,45,24,40,10,16,9,14,0,19,0,19,2647,1230
1400000US13067031001,13067031001,"Census Tract 310.01, Cobb County, Georgia",5014,673,4950,671,4197,676,1026,128,404,116,622,133,482,121,1766,402,1752,397,0,19,14,23,167,99,92,78,52,65,47,77,40,43,255,179,270,134,36,56,133,112,55,50,0,19,46,52,753,220,533,134,355,117,216,92,139,82,178,90,152,79,26,31,220,124,0,19,123,79,30,45,0,19,67,68,64,42
1400000US13067031002,13067031002,"Census Tract 310.02, Cobb County, Georgia",8082,706,7907,716,6673,801,1866,188,760,148,1106,182,998,179,2769,496,2701,484,0,19,68,87,53,49,222,147,187,135,10,16,0,19,278,361,290,137,62,66,0,19,173,127,0,19,55,61,1234,327,940,204,462,142,285,118,177,111,478,153,414,140,64,62,294,174,0,19,150,152,125,84,0,19,19,30,175,141
1400000US13067031004,13067031004,"Census Tract 310.04, Cobb County, Georgia",7627,853,7627,853,6740,870,1755,172,787,186,968,206,978,206,2851,458,2841,454,0,19,10,20,307,202,244,144,170,123,14,21,0,19,275,285,146,123,0,19,77,106,56,58,0,19,13,20,887,344,605,158,291,124,188,86,103,92,314,111,247,86,67,64,282,225,32,51,57,86,82,72,0,19,111,157,0,19
1400000US13067031005,13067031005,"Census Tract 310.05, Cobb County, Georgia",5677,550,5649,551,4986,608,1170,116,575,106,595,96,714,102,1668,267,1619,255,0,19,49,63,332,216,133,78,152,96,54,57,61,58,533,276,169,99,38,42,28,34,70,60,0,19,33,26,663,164,497,106,213,76,167,73,46,33,284,76,231,70,53,40,166,96,12,19,142,100,0,19,0,19,12,18,28,29
1400000US13067031101,13067031101,"Census Tract 311.01, Cobb County, Georgia",4417,557,4354,554,3417,538,970,160,497,134,473,129,561,108,1392,309,1319,293,0,13,73,56,120,84,101,74,12,21,28,28,0,13,177,97,56,54,0,13,30,47,11,17,0,13,15,19,937,274,684,143,280,113,205,94,75,64,404,114,330,93,74,70,253,167,59,96,110,116,62,72,0,13,22,35,63,29
1400000US13067031106,13067031106,"Census Tract 311.06, Cobb County, Georgia",7513,475,7465,472,6205,539,1857,164,1015,154,842,176,1341,159,2248,305,2190,311,23,29,35,33,110,71,48,47,154,154,0,19,17,27,230,174,200,140,0,19,13,21,89,87,52,84,46,58,1260,319,968,188,451,166,251,111,200,127,517,133,481,128,36,28,292,184,158,167,60,62,74,39,0,19,0,19,48,35
1400000US13067031108,13067031108,"Census Tract 311.08, Cobb County, Georgia",5398,566,5393,566,3750,757,1270,248,594,173,676,221,739,193,1384,333,1269,339,13,24,102,130,103,91,28,36,61,57,0,19,11,23,20,24,134,111,0,19,58,76,76,71,0,19,0,19,1643,395,1317,248,542,181,409,168,133,97,775,207,690,203,85,78,326,233,0,19,65,69,132,102,0,19,129,153,5,3
1400000US13067031110,13067031110,"Census Tract 311.10, Cobb County, Georgia",3413,588,3413,588,2626,666,784,155,435,137,349,143,532,130,1013,397,1011,395,2,9,0,13,87,87,14,22,17,24,26,33,0,13,66,49,87,90,0,13,0,13,78,88,0,13,9,15,787,220,605,170,258,100,140,79,118,63,347,132,310,128,37,26,182,84,7,14,83,66,92,50,0,13,0,13,0,13
1400000US13067031111,13067031111,"Census Tract 311.11, Cobb County, Georgia",3141,287,3136,285,1971,309,744,126,377,104,367,99,546,113,571,113,522,101,0,13,49,43,0,13,21,29,16,17,0,13,0,13,19,25,54,56,0,13,35,48,19,31,0,13,0,13,1165,186,957,151,292,101,228,99,64,60,665,132,577,134,88,49,208,98,15,23,79,54,107,69,0,13,7,11,5,10
1400000US13067031112,13067031112,"Census Tract 311.12, Cobb County, Georgia",4953,429,4936,428,3881,480,1356,161,705,166,651,148,1039,156,1297,261,1218,270,79,75,0,13,143,104,15,26,12,19,0,13,19,32,0,13,0,13,0,13,0,13,0,13,0,13,0,13,1055,246,884,187,424,165,330,150,94,84,460,178,427,176,33,36,171,122,51,54,24,28,45,47,0,13,51,81,17,33
1400000US13067031113,13067031113,"Census Tract 311.13, Cobb County, Georgia",701,199,701,199,223,171,67,47,67,47,0,13,61,41,95,90,63,97,32,23,0,13,0,13,0,13,0,13,0,13,0,13,0,13,0,13,0,13,0,13,0,13,0,13,0,13,478,114,434,93,242,113,227,112,15,26,192,95,175,100,17,33,44,62,0,13,0,13,30,43,0,13,14,24,0,13
1400000US13067031114,13067031114,"Census Tract 311.14, Cobb County, Georgia",7113,662,7113,662,4577,875,1498,271,806,225,692,181,796,216,1639,396,1639,396,0,19,0,19,49,58,130,113,226,221,0,19,22,32,60,65,157,119,53,83,0,19,90,85,0,19,14,23,2536,433,2079,321,1168,252,942,227,226,128,911,240,708,209,203,113,457,189,17,26,98,78,256,145,0,19,86,70,0,19
1400000US13067031115,13067031115,"Census Tract 311.15, Cobb County, Georgia",4549,875,4549,875,3853,953,909,204,588,172,321,120,592,159,1959,594,1913,574,0,13,46,62,57,64,19,36,116,78,0,13,0,13,84,115,117,103,0,13,0,13,74,66,0,13,43,59,696,207,591,138,256,87,191,81,65,64,335,103,335,103,0,13,105,119,0,13,90,108,15,24,0,13,0,13,0,13
1400000US13067031116,13067031116,"Census Tract 311.16, Cobb County, Georgia",5171,919,5168,919,4515,1005,1193,234,697,233,496,198,563,200,2076,559,1918,532,43,71,115,113,164,164,84,95,13,23,9,20,0,19,145,126,268,139,0,19,0,19,154,127,0,19,114,132,653,237,529,169,296,125,217,97,79,80,233,113,209,113,24,36,124,109,0,19,62,86,62,65,0,19,0,19,3,4
1400000US13067031117,13067031117,"Census Tract 311.17, Cobb County, Georgia",4881,390,4879,390,4199,470,1419,155,949,168,470,124,1192,174,1094,212,1009,206,35,37,50,57,113,84,83,94,56,54,0,13,0,13,44,51,198,118,12,19,30,46,20,25,0,13,136,103,680,191,603,146,263,109,189,117,74,80,340,108,340,108,0,13,77,86,0,13,0,13,77,86,0,13,0,13,2,4
1400000US13067031118,13067031118,"Census Tract 311.18, Cobb County, Georgia",5415,429,5286,420,4226,499,1372,161,694,148,678,151,911,133,1355,299,1324,299,31,53,0,19,17,27,113,73,50,51,130,143,0,19,97,96,181,121,0,19,61,79,120,93,0,19,0,19,1060,241,913,206,493,200,415,197,78,57,420,181,358,173,62,50,147,73,0,19,41,35,106,64,0,19,0,19,129,101
1400000US13067031205,13067031205,"Census Tract 312.05, Cobb County, Georgia",5380,568,5367,566,3359,628,1268,188,765,175,503,143,956,189,961,373,940,372,8,15,13,21,0,19,46,59,37,58,0,19,0,19,78,98,13,21,0,19,0,19,13,21,0,19,0,19,2008,338,1540,236,579,120,361,102,218,95,961,216,765,210,196,106,468,174,15,25,186,134,213,102,0,19,54,77,13,9
1400000US13067031206,13067031206,"Census Tract 312.06, Cobb County, Georgia",8047,544,8019,546,5504,678,2093,274,1182,256,911,236,1394,254,1466,263,1449,267,17,29,0,19,9,18,74,86,114,102,0,19,104,90,37,54,213,157,0,19,0,19,165,111,0,19,48,73,2515,426,2125,317,838,236,754,238,84,56,1287,247,1076,233,211,145,390,219,46,48,190,184,98,80,0,19,56,74,28,20
1400000US13067031207,13067031207,"Census Tract 312.07, Cobb County, Georgia",3162,358,3140,360,1285,367,504,124,322,125,182,114,358,133,261,169,261,169,0,13,0,13,0,13,40,36,51,65,0,13,0,13,0,13,71,95,0,13,0,13,36,48,0,13,35,47,1855,233,1623,177,823,191,752,199,71,76,800,176,674,174,126,82,232,131,0,13,118,88,105,93,0,13,9,17,22,14
1400000US13067031208,13067031208,"Census Tract 312.08, Cobb County, Georgia",6197,548,6180,549,4171,693,1463,207,908,187,555,194,976,179,1309,399,1226,412,0,19,83,90,38,50,160,110,96,106,0,19,0,19,31,54,98,101,28,34,0,19,70,93,0,19,0,19,2009,339,1530,229,877,180,637,154,240,108,653,178,520,158,133,85,479,173,0,19,160,109,262,103,0,19,57,62,17,15
1400000US13067031209,13067031209,"Census Tract 312.09, Cobb County, Georgia",3816,212,3816,212,3340,254,1219,116,788,151,431,120,1099,121,905,93,879,93,0,13,26,42,12,20,27,25,52,38,0,13,16,26,10,18,0,13,0,13,0,13,0,13,0,13,0,13,476,135,441,119,175,98,150,91,25,30,266,100,257,101,9,16,35,37,0,13,15,29,20,22,0,13,0,13,0,13
1400000US13067031211,13067031211,"Census Tract 312.11, Cobb County, Georgia",3487,627,3487,627,1555,582,542,165,187,80,355,149,282,114,304,134,286,134,12,23,6,15,0,13,63,64,182,238,0,13,0,13,80,114,102,94,32,44,23,65,47,43,0,13,0,13,1932,358,1538,248,696,172,538,164,158,105,842,207,722,223,120,88,394,241,68,108,146,113,167,119,0,13,13,22,0,13
1400000US13067031212,13067031212,"Census Tract 312.12, Cobb County, Georgia",2256,256,2256,256,2048,269,768,78,469,107,299,105,673,101,487,121,472,119,15,29,0,13,63,90,15,22,0,13,0,13,0,13,0,13,42,45,0,13,0,13,0,13,0,13,42,45,208,95,179,76,23,26,13,20,10,17,156,72,152,71,4,8,29,39,12,20,13,19,4,8,0,13,0,13,0,13
1400000US13067031306,13067031306,"Census Tract 313.06, Cobb County, Georgia",3743,389,3730,388,3174,454,1019,105,498,114,521,110,608,130,1171,285,1008,272,59,67,104,122,128,107,90,63,27,27,11,20,45,59,19,23,56,46,0,13,0,13,32,30,0,13,24,36,556,149,448,104,213,83,172,77,41,37,235,85,197,75,38,39,108,78,0,13,69,58,23,24,0,13,16,25,13,9
1400000US13067031307,13067031307,"Census Tract 313.07, Cobb County, Georgia",6086,414,6048,411,5424,446,1732,137,1157,170,575,134,1365,168,1671,234,1643,230,0,19,28,33,131,90,154,101,126,82,0,19,36,41,143,132,66,68,0,19,0,19,0,19,0,19,66,68,624,217,461,126,303,106,220,97,83,67,158,75,148,76,10,17,163,137,40,62,42,52,39,46,0,19,42,76,38,23
1400000US13067031308,13067031308,"Census Tract 313.08, Cobb County, Georgia",4328,433,4319,433,3690,456,1075,131,488,105,587,132,657,121,1435,284,1294,253,56,83,85,87,108,118,101,52,85,68,0,13,30,38,115,91,84,50,11,16,14,23,49,39,0,13,10,18,629,147,578,123,344,106,333,105,11,16,234,89,202,71,32,50,51,58,27,42,0,13,0,13,0,13,24,37,9,7
1400000US13067031309,13067031309,"Census Tract 313.09, Cobb County, Georgia",8025,634,8017,634,7092,661,1970,146,849,184,1121,161,1176,198,2919,401,2612,396,43,40,264,192,345,162,90,75,95,81,29,44,66,58,208,165,194,111,23,28,58,57,113,90,0,19,0,19,925,258,726,147,332,118,251,97,81,66,394,132,371,128,23,35,199,163,26,41,19,30,41,46,0,19,113,125,8,6
1400000US13067031310,13067031310,"Census Tract 313.10, Cobb County, Georgia",7022,730,7009,729,5948,811,1524,207,476,150,1048,200,556,137,2773,447,2531,453,90,105,152,108,92,96,163,112,189,130,0,19,16,27,405,195,230,127,0,19,57,67,158,97,0,19,15,18,1061,258,900,190,314,123,290,118,24,38,586,154,503,142,83,61,161,123,40,51,0,19,86,70,0,19,35,42,13,6
1400000US13067031311,13067031311,"Census Tract 313.11, Cobb County, Georgia",9198,871,9180,872,7578,925,2126,221,923,188,1203,199,956,192,2982,464,2828,437,43,35,111,123,281,169,272,176,51,76,0,19,38,62,463,252,409,248,141,216,0,19,194,93,0,19,74,85,1602,368,1156,201,639,157,478,153,161,112,517,153,408,135,109,86,446,257,11,17,114,127,153,112,0,19,168,184,18,12
1400000US13067031312,13067031312,"Census Tract 313.12, Cobb County, Georgia",8940,634,8938,635,7348,699,2023,219,1029,276,994,235,1417,226,2590,416,2567,414,0,19,23,36,532,327,127,121,161,169,43,62,99,105,102,96,254,176,5,13,19,32,156,132,0,19,74,109,1590,338,1276,241,346,149,303,138,43,44,930,204,656,161,274,158,314,151,4,9,59,64,251,134,0,19,0,19,2,2
1400000US13067031313,13067031313,"Census Tract 313.13, Cobb County, Georgia",9589,613,9587,614,8400,777,2713,237,1641,224,1072,261,2205,234,2953,339,2663,339,129,122,161,101,79,73,65,75,60,58,46,49,0,19,153,153,126,116,0,19,0,19,57,50,0,19,69,78,1187,448,839,233,424,188,237,102,187,184,415,149,312,129,103,76,348,253,0,19,197,213,145,99,0,19,6,11,2,4
1400000US13067031404,13067031404,"Census Tract 314.04, Cobb County, Georgia",5495,572,5476,573,4663,665,1602,177,985,186,617,186,1199,142,1301,398,1228,385,47,53,26,45,111,100,121,98,118,106,18,29,0,19,96,78,97,93,0,19,0,19,81,96,0,19,16,26,813,251,709,181,158,109,81,67,77,92,551,170,536,168,15,23,104,108,19,29,70,100,15,23,0,19,0,19,19,10
1400000US13067031405,13067031405,"Census Tract 314.05, Cobb County, Georgia",8483,720,8431,722,7310,897,2050,198,1158,183,892,189,1342,225,2359,428,2222,416,49,65,88,80,281,190,251,140,230,152,16,27,27,45,379,262,375,191,0,19,150,130,162,95,0,19,63,59,1121,366,825,200,487,166,325,137,162,110,338,133,323,131,15,25,296,236,0,19,57,61,130,103,0,19,109,144,52,36
1400000US13067031406,13067031406,"Census Tract 314.06, Cobb County, Georgia",6797,611,6334,604,4841,578,1515,194,539,148,976,186,869,203,1965,332,1907,332,0,19,58,60,209,161,0,19,58,48,32,37,46,75,41,40,106,104,0,19,66,102,28,35,0,19,12,22,1493,269,1210,179,355,157,225,107,130,104,855,204,802,183,53,58,283,177,27,32,111,169,77,70,0,19,68,69,463,93
1400000US13067031408,13067031408,"Census Tract 314.08, Cobb County, Georgia",6123,563,6115,562,5507,604,1568,179,936,205,632,174,1060,212,2204,383,2000,405,41,32,163,102,166,140,78,57,58,56,15,25,33,50,174,111,151,151,0,19,99,139,42,67,0,19,10,16,608,206,544,181,290,137,282,140,8,21,254,112,231,110,23,27,64,105,0,19,13,22,21,29,0,19,30,77,8,5
1400000US13067031409,13067031409,"Census Tract 314.09, Cobb County, Georgia",5079,647,5074,645,4453,659,1412,190,756,181,656,154,954,151,1595,337,1510,329,14,17,71,85,39,44,129,138,27,23,42,65,13,21,92,96,150,149,0,19,49,64,52,55,0,19,49,57,621,202,532,146,240,114,153,85,87,83,292,100,292,100,0,19,89,84,0,19,58,73,24,38,0,19,7,12,5,5
1400000US13067031503,13067031503,"Census Tract 315.03, Cobb County, Georgia",8781,976,8746,973,7967,1065,2049,237,1075,175,974,213,1337,190,3090,553,2756,491,302,173,32,38,536,347,332,271,56,55,32,57,17,28,321,229,197,128,0,19,73,90,104,86,0,19,20,32,779,248,682,183,170,81,170,81,0,19,512,176,414,143,98,103,97,100,0,19,18,28,79,95,0,19,0,19,35,21
1400000US13067031505,13067031505,"Census Tract 315.05, Cobb County, Georgia",6197,457,6181,456,5521,473,1625,145,860,176,765,202,1213,190,2228,246,2185,229,21,66,22,36,106,74,17,27,52,49,34,52,0,19,83,77,163,103,27,36,0,19,85,63,0,19,51,45,660,200,568,153,124,64,108,61,16,25,444,138,376,122,68,65,92,77,13,21,50,64,29,32,0,19,0,19,16,9
1400000US13067031506,13067031506,"Census Tract 315.06, Cobb County, Georgia",5068,567,5068,567,4316,607,1294,162,841,165,453,148,1009,155,1675,345,1549,363,0,19,126,99,28,42,28,44,25,28,55,65,16,28,113,107,73,60,21,32,16,26,24,38,0,19,12,19,752,226,518,139,177,97,131,83,46,63,341,114,234,99,107,69,234,148,20,32,63,69,81,55,0,19,70,86,0,19
1400000US13067031507,13067031507,"Census Tract 315.07, Cobb County, Georgia",3624,388,3393,365,2937,412,841,124,307,88,534,130,447,104,1433,279,1364,267,0,13,69,62,60,68,0,13,15,26,0,13,68,98,44,46,29,35,0,13,0,13,9,16,0,13,20,30,456,138,407,116,110,65,81,57,29,40,297,115,283,112,14,22,49,55,20,33,0,13,29,41,0,13,0,13,231,99
1400000US13067031508,13067031508,"Census Tract 315.08, Cobb County, Georgia",4930,405,4930,405,4491,453,1306,111,686,132,620,149,1072,116,1451,292,1423,288,15,24,13,22,321,240,51,62,61,68,36,40,11,19,18,29,164,177,0,13,0,13,0,13,0,13,164,177,439,144,347,118,98,61,91,60,7,12,249,119,171,113,78,60,92,63,0,13,24,38,39,37,0,13,29,44,0,13
1400000US13067031509,13067031509,"Census Tract 315.09, Cobb County, Georgia",8923,751,8920,752,8495,760,2505,194,1321,177,1184,230,1865,255,3242,500,3001,512,135,131,106,87,400,267,90,124,32,41,16,27,44,68,117,90,184,95,0,19,0,19,129,77,0,19,55,62,425,125,425,125,124,84,124,84,0,19,301,102,301,102,0,19,0,19,0,19,0,19,0,19,0,19,0,19,3,3
1400000US13069010100,13069010100,"Census Tract 101, Coffee County, Georgia",3243,321,3243,321,2646,307,890,95,621,100,269,82,728,83,841,178,775,175,2,3,64,63,64,52,31,34,39,40,21,23,0,13,18,17,14,18,0,13,0,13,5,9,0,13,9,15,597,186,484,126,195,86,131,57,64,58,289,98,251,79,38,50,113,81,22,37,0,13,91,73,0,13,0,13,0,13
1400000US13069010200,13069010200,"Census Tract 102, Coffee County, Georgia",2994,466,2994,466,2730,512,856,152,584,134,272,111,723,153,1058,282,862,224,115,157,81,76,34,44,14,22,5,10,0,13,5,9,18,28,17,26,0,13,0,13,0,13,0,13,17,26,264,108,256,105,167,90,159,89,8,14,89,69,89,69,0,13,8,16,0,13,0,13,0,13,0,13,8,16,0,13
1400000US13069010300,13069010300,"Census Tract 103, Coffee County, Georgia",5576,473,3005,864,2588,799,848,260,537,190,311,148,468,151,907,341,846,326,16,21,45,52,65,48,21,26,23,24,15,24,6,11,164,120,71,65,21,25,0,19,17,26,0,19,33,45,417,143,371,128,211,101,185,97,26,27,160,70,142,68,18,19,46,36,0,19,21,25,25,24,0,19,0,19,2571,843
1400000US13069010400,13069010400,"Census Tract 104, Coffee County, Georgia",5452,546,5439,548,4738,568,1398,169,849,168,549,147,824,145,1979,295,1880,290,43,55,56,65,71,89,176,195,34,40,0,19,76,102,84,89,96,99,0,19,0,19,48,52,0,19,48,61,701,188,681,179,276,120,276,120,0,19,405,133,389,132,16,24,20,31,0,19,20,31,0,19,0,19,0,19,13,17
1400000US13069010500,13069010500,"Census Tract 105, Coffee County, Georgia",3931,451,3780,439,3322,456,1015,152,598,149,417,112,716,161,1258,302,1245,307,13,24,0,13,86,70,41,48,50,42,0,13,0,13,56,49,100,70,0,13,39,50,13,19,0,13,48,48,458,150,415,138,227,113,205,118,22,26,188,84,167,72,21,28,43,37,0,13,0,13,32,30,0,13,11,17,151,125
1400000US13069010600,13069010600,"Census Tract 106, Coffee County, Georgia",5461,586,5461,586,4903,603,1484,157,912,156,572,135,1275,154,1648,316,1433,293,0,19,215,120,264,174,83,63,21,16,10,17,13,19,18,20,87,79,0,19,0,19,19,19,0,19,68,77,558,171,437,117,234,97,125,67,109,77,203,84,201,83,2,4,121,83,0,19,0,19,104,77,0,19,17,22,0,19
1400000US13069010700,13069010700,"Census Tract 107, Coffee County, Georgia",6542,710,6145,697,5492,762,1521,227,1126,182,395,159,1036,208,2073,463,1812,437,58,69,203,222,110,69,141,132,69,84,0,19,0,19,185,153,357,229,0,19,73,67,135,106,0,19,149,157,653,180,581,171,258,114,217,118,41,44,323,148,323,148,0,19,72,63,0,19,0,19,46,48,0,19,26,30,397,147
1400000US13069010801,13069010801,"Census Tract 108.01, Coffee County, Georgia",5190,646,5190,646,4527,727,1407,233,684,212,723,196,769,176,1662,418,1608,410,0,19,54,66,211,123,95,66,14,25,0,19,30,41,127,112,212,138,19,30,89,122,65,73,0,19,39,40,663,277,539,215,272,137,223,144,49,51,267,162,240,147,27,31,124,125,0,19,0,19,53,49,0,19,71,89,0,19
1400000US13069010802,13069010802,"Census Tract 108.02, Coffee County, Georgia",4177,443,4137,438,3599,495,1097,191,514,155,583,166,682,136,1338,278,1269,263,14,23,55,57,213,115,106,145,0,13,0,13,0,13,114,109,49,56,5,9,0,13,7,13,0,13,37,53,538,166,484,139,105,63,83,55,22,31,379,134,371,133,8,13,54,65,0,13,0,13,26,26,0,13,28,45,40,44
1400000US13071970100,13071970100,"Census Tract 9701, Colquitt County, Georgia",5342,627,5259,622,4598,654,1325,181,828,137,497,145,930,160,1629,354,1402,302,76,62,151,102,146,78,68,60,44,57,26,34,36,56,138,114,256,192,23,30,44,63,64,50,0,19,125,110,661,167,556,137,359,119,313,125,46,49,197,67,175,64,22,24,105,84,0,19,37,41,13,18,0,19,55,55,83,41
1400000US13071970200,13071970200,"Census Tract 9702, Colquitt County, Georgia",2806,348,2806,348,2522,339,756,112,401,89,355,77,554,86,904,175,824,163,37,42,43,39,112,80,57,62,28,37,0,13,22,31,49,55,40,37,0,13,7,9,9,14,0,13,24,33,284,103,259,86,124,67,96,58,28,34,135,52,135,52,0,13,25,29,0,13,9,13,16,26,0,13,0,13,0,13
1400000US13071970300,13071970300,"Census Tract 9703, Colquitt County, Georgia",5003,599,4998,600,4285,603,1264,201,511,169,753,160,625,192,1420,307,1368,307,52,48,0,19,299,202,135,86,15,28,34,53,32,49,293,199,168,162,0,19,0,19,84,92,58,92,26,40,713,177,649,173,368,146,337,141,31,49,281,124,257,127,24,30,64,51,0,19,26,42,38,50,0,19,0,19,5,4
1400000US13071970400,13071970400,"Census Tract 9704, Colquitt County, Georgia",3644,330,3288,329,2800,334,872,129,532,117,340,90,530,111,1229,197,1193,194,0,13,36,49,57,54,0,13,20,26,0,13,0,13,43,48,49,50,0,13,0,13,49,50,0,13,0,13,488,255,277,90,102,52,58,37,44,41,175,79,157,74,18,20,211,209,98,140,0,13,55,59,0,13,58,91,356,106
1400000US13071970500,13071970500,"Census Tract 9705, Colquitt County, Georgia",3415,339,3227,337,2924,373,817,110,533,97,284,80,681,111,1047,176,958,184,0,13,89,67,45,49,22,36,14,15,0,13,28,38,122,77,148,84,0,13,18,27,42,51,0,13,88,71,303,128,242,84,122,67,85,52,37,38,120,51,117,52,3,4,61,72,0,13,4,7,27,31,0,13,30,44,188,65
1400000US13071970600,13071970600,"Census Tract 9706, Colquitt County, Georgia",6716,593,6462,592,5810,682,1653,214,1154,217,499,113,1268,191,1983,340,1813,323,28,48,142,94,148,130,255,169,31,48,30,48,43,66,141,130,258,132,30,37,13,21,158,118,0,19,57,51,652,234,602,207,299,192,299,192,0,19,303,126,253,107,50,68,50,68,0,19,0,19,50,68,0,19,0,19,254,96
1400000US13071970701,13071970701,"Census Tract 9707.01, Colquitt County, Georgia",6493,679,6334,677,5349,726,1648,220,871,162,777,201,1129,174,2255,426,2162,439,9,15,84,80,138,114,12,19,0,19,12,24,0,19,52,46,103,95,0,19,16,34,87,90,0,19,0,19,985,310,836,233,356,153,228,100,128,107,480,145,480,145,0,19,149,116,0,19,78,98,71,68,0,19,0,19,159,58
1400000US13071970702,13071970702,"Census Tract 9707.02, Colquitt County, Georgia",2421,456,2408,456,2012,498,551,160,392,157,159,75,326,133,794,257,754,262,5,15,35,51,20,28,147,176,91,93,26,41,0,13,0,13,57,56,0,13,0,13,4,12,0,13,53,57,396,144,316,117,206,119,163,116,43,34,110,73,80,59,30,49,80,64,0,13,23,37,29,34,0,13,28,39,13,24
1400000US13071970800,13071970800,"Census Tract 9708, Colquitt County, Georgia",2980,403,2980,403,2541,424,745,130,304,93,441,134,363,79,983,242,951,228,21,31,11,21,79,65,225,149,61,55,0,13,34,39,12,19,39,59,0,13,0,13,39,59,0,13,0,13,439,151,362,121,136,92,127,92,9,13,226,72,208,75,18,19,77,74,62,71,15,20,0,13,0,13,0,13,0,13
1400000US13071970900,13071970900,"Census Tract 9709, Colquitt County, Georgia",6711,702,6708,701,6462,723,1792,209,1230,200,562,141,1560,228,2228,496,1866,440,203,229,159,106,201,107,162,119,171,123,134,145,49,64,81,74,84,73,27,40,0,19,6,11,0,19,51,60,246,86,244,86,136,76,133,76,3,5,108,53,108,53,0,19,2,5,0,19,2,5,0,19,0,19,0,19,3,6
1400000US13073030102,13073030102,"Census Tract 301.02, Columbia County, Georgia",9682,681,9682,681,9128,790,2837,178,1938,205,899,195,2490,209,3111,459,2982,430,72,81,57,56,74,79,120,116,140,120,80,86,22,35,110,99,144,114,26,40,42,68,62,70,0,19,14,23,554,305,365,132,244,121,147,64,97,101,121,61,112,59,9,16,189,190,0,19,77,107,59,77,0,19,53,82,0,19
1400000US13073030103,13073030103,"Census Tract 301.03, Columbia County, Georgia",2942,321,2942,321,2715,329,1014,116,675,117,339,104,910,105,639,185,551,195,88,66,0,13,32,41,11,18,30,35,19,32,0,13,0,13,60,79,0,13,0,13,13,22,13,20,34,53,227,94,191,80,17,19,9,14,8,14,174,79,167,80,7,11,36,45,0,13,27,42,9,14,0,13,0,13,0,13
1400000US13073030105,13073030105,"Census Tract 301.05, Columbia County, Georgia",5864,614,5864,614,5285,643,1744,208,1139,218,605,193,1298,199,2047,352,1997,369,11,19,39,40,24,38,0,19,114,119,0,19,0,19,15,23,43,57,0,19,0,19,13,22,0,19,30,52,579,230,461,175,187,143,157,135,30,36,274,129,228,125,46,57,118,117,0,19,88,112,30,34,0,19,0,19,0,19
1400000US13073030106,13073030106,"Census Tract 301.06, Columbia County, Georgia",3729,384,3701,383,3208,394,1067,143,558,165,509,124,673,151,1197,195,1197,195,0,13,0,13,140,164,0,13,0,13,31,48,0,13,61,93,39,50,9,17,0,13,0,13,0,13,30,45,493,226,360,139,152,103,49,44,103,87,208,92,198,92,10,17,133,107,0,13,64,92,53,50,0,13,16,28,28,17
1400000US13073030201,13073030201,"Census Tract 302.01, Columbia County, Georgia",6844,719,6536,708,5804,745,1689,186,981,199,708,193,1424,213,2169,448,1918,397,82,111,169,105,105,75,25,43,142,165,23,36,36,48,15,24,176,147,0,19,54,83,74,94,0,19,48,56,732,147,709,135,161,66,147,62,14,25,548,122,548,122,0,19,23,37,23,37,0,19,0,19,0,19,0,19,308,172
1400000US13073030202,13073030202,"Census Tract 302.02, Columbia County, Georgia",3080,251,3069,248,2598,273,839,97,425,119,414,107,626,112,916,155,837,140,47,68,32,40,63,66,0,13,33,36,0,13,14,21,0,13,107,102,54,64,28,40,25,35,0,13,0,13,471,117,371,76,149,56,95,49,54,42,222,68,214,69,8,13,100,73,45,75,55,69,0,13,0,13,0,13,11,17
1400000US13073030203,13073030203,"Census Tract 302.03, Columbia County, Georgia",6138,514,6128,512,5446,562,1684,187,1022,193,662,162,1310,175,1707,283,1605,273,42,53,60,74,150,135,13,26,269,210,60,84,42,45,60,65,151,112,0,19,91,109,38,40,0,19,22,35,682,221,573,156,257,125,170,103,87,86,316,115,304,117,12,18,109,97,32,52,0,19,77,81,0,19,0,19,10,14
1400000US13073030302,13073030302,"Census Tract 303.02, Columbia County, Georgia",9729,767,9727,767,8594,847,2706,251,1514,227,1192,234,2004,266,3320,415,3026,482,177,212,117,100,112,77,136,116,89,113,0,19,0,19,114,110,113,112,0,19,58,95,39,52,0,19,16,27,1133,301,960,220,394,183,289,152,105,85,566,144,518,136,48,45,173,117,0,19,41,67,132,94,0,19,0,19,2,2
1400000US13073030304,13073030304,"Census Tract 303.04, Columbia County, Georgia",6180,486,6180,486,5629,493,1700,146,1101,124,599,151,1452,146,2163,288,1987,270,51,41,125,73,91,55,0,19,126,86,36,42,41,62,20,23,0,19,0,19,0,19,0,19,0,19,0,19,551,337,326,117,202,88,131,78,71,95,124,61,110,62,14,16,225,255,0,19,145,181,66,77,0,19,14,25,0,19
1400000US13073030306,13073030306,"Census Tract 303.06, Columbia County, Georgia",4343,609,4343,609,3945,660,1236,163,725,149,511,120,974,168,1518,321,1467,318,46,52,5,8,109,135,62,72,0,13,0,13,46,70,0,13,0,13,0,13,0,13,0,13,0,13,0,13,398,163,364,155,149,113,138,111,11,19,215,121,198,119,17,23,34,37,0,13,15,26,19,25,0,13,0,13,0,13
1400000US13073030307,13073030307,"Census Tract 303.07, Columbia County, Georgia",7057,584,7034,583,6149,601,1776,173,1126,227,650,213,1594,161,2414,384,2197,418,9,17,208,105,80,77,0,19,97,92,33,54,62,77,37,60,56,63,0,19,0,19,0,19,0,19,56,63,885,243,755,185,392,165,314,158,78,72,363,127,349,126,14,24,130,114,0,19,103,118,27,32,0,19,0,19,23,15
1400000US13073030308,13073030308,"Census Tract 303.08, Columbia County, Georgia",8884,698,8884,698,8615,765,2380,180,1622,210,758,200,2069,187,3505,473,3316,464,25,41,164,97,0,19,160,196,303,320,0,19,28,33,93,62,77,79,0,19,22,36,55,61,0,19,0,19,269,135,253,129,123,106,123,106,0,19,130,78,115,73,15,25,16,25,0,19,0,19,16,25,0,19,0,19,0,19
1400000US13073030309,13073030309,"Census Tract 303.09, Columbia County, Georgia",8834,801,8831,801,8177,863,2455,233,1540,160,915,236,2197,228,3193,508,2995,507,41,33,157,117,128,104,87,109,33,44,43,55,18,27,0,19,23,37,0,19,0,19,0,19,0,19,23,37,654,277,467,179,317,151,218,129,99,77,150,90,114,83,36,34,187,142,0,19,17,26,129,95,0,19,41,66,3,4
1400000US13073030401,13073030401,"Census Tract 304.01, Columbia County, Georgia",2443,333,2346,323,2143,361,666,99,362,94,304,70,466,107,706,165,697,166,0,13,9,13,40,48,49,76,33,46,35,41,8,13,48,58,92,97,0,13,0,13,51,69,0,13,41,63,203,101,176,79,103,67,103,67,0,13,73,49,56,43,17,25,27,41,0,13,27,41,0,13,0,13,0,13,97,70
1400000US13073030402,13073030402,"Census Tract 304.02, Columbia County, Georgia",8214,819,8076,814,7606,859,2349,207,1257,202,1092,193,1898,204,2943,514,2644,396,86,82,213,197,171,119,0,19,95,114,31,46,28,46,47,55,44,42,0,19,0,19,22,27,0,19,22,34,470,182,391,142,209,113,186,96,23,38,182,85,143,75,39,35,79,68,0,19,36,57,43,40,0,19,0,19,138,63
1400000US13073030503,13073030503,"Census Tract 305.03, Columbia County, Georgia",7077,681,7077,681,6503,736,1834,202,1057,207,777,170,1323,217,2585,457,2291,456,120,117,174,150,233,176,79,73,45,53,40,41,99,95,93,85,172,143,0,19,46,57,76,63,0,19,50,71,574,190,499,147,159,93,96,61,63,71,340,122,325,119,15,24,75,71,0,19,0,19,75,71,0,19,0,19,0,19
1400000US13073030504,13073030504,"Census Tract 305.04, Columbia County, Georgia",3201,316,3190,317,2703,337,854,115,570,118,284,79,670,92,995,169,765,159,80,65,150,77,63,55,6,9,67,68,8,13,6,9,16,25,18,28,0,13,0,13,18,28,0,13,0,13,487,118,452,103,186,90,160,84,26,41,266,93,262,95,4,11,35,43,9,16,0,13,26,41,0,13,0,13,11,6
1400000US13073030505,13073030505,"Census Tract 305.05, Columbia County, Georgia",5647,573,5647,573,5064,628,1462,174,820,206,642,187,1061,184,1951,268,1856,251,30,52,65,54,80,74,120,118,72,95,0,19,93,134,111,149,114,95,39,56,0,19,75,70,0,19,0,19,583,187,509,148,306,111,254,97,52,60,203,109,203,109,0,19,74,88,0,19,52,81,22,36,0,19,0,19,0,19
1400000US13073030506,13073030506,"Census Tract 305.06, Columbia County, Georgia",10794,872,10789,873,9880,905,2948,276,1619,257,1329,202,2181,285,3659,438,3360,418,74,65,225,153,286,202,148,98,89,94,0,21,10,19,84,65,475,269,51,88,62,60,114,101,121,157,127,107,909,251,819,215,529,177,455,151,74,71,290,113,278,111,12,21,90,60,0,21,47,50,43,41,0,21,0,21,5,5
1400000US13073030603,13073030603,"Census Tract 306.03, Columbia County, Georgia",3983,434,3970,434,3375,461,1021,139,466,89,555,133,624,107,1438,281,1250,273,46,37,142,111,56,47,52,51,53,45,11,17,24,28,55,73,41,43,10,17,8,12,23,27,0,13,0,13,595,139,523,110,238,83,198,72,40,40,285,86,270,85,15,18,72,62,0,13,31,49,41,33,0,13,0,13,13,20
1400000US13075960100,13075960100,"Census Tract 9601, Cook County, Georgia",1944,273,1944,273,1691,280,544,100,365,85,179,54,471,96,545,120,519,111,16,26,10,12,26,26,17,19,44,35,3,5,8,13,27,23,6,10,0,13,0,13,0,13,0,13,6,10,253,75,231,72,153,63,141,63,12,14,78,36,78,36,0,13,22,25,0,13,0,13,16,18,0,13,6,11,0,13
1400000US13075960200,13075960200,"Census Tract 9602, Cook County, Georgia",4021,381,3993,382,3436,395,1082,159,531,140,551,105,606,115,1198,212,1146,212,31,40,21,30,100,77,31,24,62,48,6,18,0,13,164,143,187,148,0,13,3,6,124,93,0,13,60,67,557,161,474,131,219,96,165,83,54,45,255,90,250,90,5,8,83,70,0,13,0,13,37,40,0,13,46,58,28,21
1400000US13075960300,13075960300,"Census Tract 9603, Cook County, Georgia",6100,494,5918,484,5174,487,1684,180,1199,182,485,121,1225,160,1711,251,1462,283,100,95,149,111,216,127,79,62,0,19,0,19,23,27,102,91,134,104,0,19,0,19,31,41,72,83,31,46,744,200,605,158,256,108,191,95,65,42,349,107,294,100,55,62,139,83,0,19,30,50,92,64,0,19,17,24,182,120
1400000US13075960400,13075960400,"Census Tract 9604, Cook County, Georgia",5008,417,4977,414,4356,449,1327,153,858,157,469,113,936,155,1687,292,1496,298,16,24,175,137,233,97,34,37,60,53,0,19,33,44,0,19,46,38,9,14,12,21,25,34,0,19,0,19,621,204,483,134,239,112,192,104,47,34,244,84,221,75,23,34,138,111,0,19,0,19,70,59,0,19,68,97,31,19
1400000US13077170100,13077170100,"Census Tract 1701, Coweta County, Georgia",7555,548,7542,548,6771,628,2134,184,1372,227,762,185,1887,189,2483,428,2087,349,97,156,299,215,77,80,0,19,36,41,25,37,0,19,97,76,32,55,0,19,0,19,0,19,0,19,32,55,771,196,627,150,391,117,332,113,59,47,236,96,156,74,80,60,144,74,0,19,16,26,104,63,0,19,24,37,13,9
1400000US13077170200,13077170200,"Census Tract 1702, Coweta County, Georgia",6730,658,6589,672,5579,803,1640,222,861,176,779,215,1353,208,1704,333,1297,255,140,118,267,211,400,305,53,71,64,69,55,90,89,63,8,16,213,133,79,86,48,70,66,76,0,19,20,33,1010,255,890,221,474,160,385,135,89,60,416,157,389,157,27,30,120,70,46,42,19,30,55,48,0,19,0,19,141,85
1400000US13077170303,13077170303,"Census Tract 1703.03, Coweta County, Georgia",4966,406,4966,406,4443,468,1306,130,898,161,408,118,1166,138,1397,210,1288,205,20,30,89,77,262,177,56,84,32,48,41,58,95,82,57,72,31,39,0,13,24,37,7,14,0,13,0,13,523,137,474,116,310,106,299,105,11,18,164,101,128,99,36,34,49,42,0,13,20,31,29,32,0,13,0,13,0,13
1400000US13077170304,13077170304,"Census Tract 1703.04, Coweta County, Georgia",6455,410,6430,410,5462,544,1698,174,931,169,767,151,1416,179,2050,285,2025,288,9,15,16,26,110,77,23,34,77,71,49,69,0,19,4,8,35,31,11,18,0,19,24,26,0,19,0,19,968,337,725,187,385,167,310,142,75,73,340,123,293,111,47,57,243,196,0,19,222,199,21,36,0,19,0,19,25,16
1400000US13077170305,13077170305,"Census Tract 1703.05, Coweta County, Georgia",8822,786,8405,755,6292,895,1938,265,897,253,1041,207,1005,220,2308,501,2282,497,0,19,26,33,112,134,204,151,116,112,0,19,13,22,434,369,162,118,31,49,55,82,48,53,0,19,28,46,2113,612,1518,304,817,269,572,196,245,159,701,174,671,171,30,31,595,386,27,43,504,387,47,39,0,19,17,22,417,157
1400000US13077170306,13077170306,"Census Tract 1703.06, Coweta County, Georgia",7677,717,7677,717,6607,739,2090,239,1312,254,778,181,1527,256,2351,418,2189,406,103,88,59,58,168,122,101,94,70,65,14,25,66,67,52,51,168,192,0,19,0,19,115,124,0,19,53,77,1070,249,883,184,326,147,223,133,103,86,557,149,513,154,44,45,187,122,19,31,36,52,70,80,0,19,62,73,0,19
1400000US13077170402,13077170402,"Census Tract 1704.02, Coweta County, Georgia",8609,606,8609,606,7840,701,2377,217,1697,171,680,180,2130,220,2910,449,2808,455,41,43,61,57,160,123,22,28,36,45,42,36,35,42,85,62,43,56,0,19,0,19,0,19,0,19,43,56,769,259,661,219,336,186,283,180,53,54,325,118,282,101,43,46,108,81,0,19,28,45,80,65,0,19,0,19,0,19
1400000US13077170403,13077170403,"Census Tract 1704.03, Coweta County, Georgia",4018,425,4018,425,3744,486,1091,127,684,151,407,130,1002,156,1518,282,1371,313,0,13,147,116,92,138,0,13,0,13,0,13,0,13,0,13,41,42,0,13,23,35,0,13,18,27,0,13,274,149,248,143,71,48,48,40,23,27,177,139,177,139,0,13,26,31,10,17,16,26,0,13,0,13,0,13,0,13
1400000US13077170404,13077170404,"Census Tract 1704.04, Coweta County, Georgia",5829,368,5829,368,5362,443,1609,157,1148,154,461,160,1416,164,2078,233,1966,239,18,28,94,101,52,37,55,82,12,22,65,85,56,49,0,19,19,31,0,19,0,19,19,31,0,19,0,19,467,195,393,130,326,126,266,107,60,84,67,58,67,58,0,19,74,101,0,19,74,101,0,19,0,19,0,19,0,19
1400000US13077170405,13077170405,"Census Tract 1704.05, Coweta County, Georgia",7084,440,7084,440,6228,473,1887,156,1217,191,670,168,1586,160,2222,389,1778,372,151,141,293,172,238,123,31,41,21,25,13,24,0,19,97,93,133,92,0,19,76,76,57,63,0,19,0,19,856,297,639,156,355,134,315,130,40,47,284,101,248,101,36,33,217,225,59,67,153,167,5,11,0,19,0,19,0,19
1400000US13077170406,13077170406,"Census Tract 1704.06, Coweta County, Georgia",3516,232,3516,232,3246,283,979,107,684,125,295,88,945,142,1156,167,984,218,141,153,31,35,140,108,0,13,0,13,0,13,9,29,17,28,0,13,0,13,0,13,0,13,0,13,0,13,270,122,270,122,239,136,239,136,0,13,31,54,31,54,0,13,0,13,0,13,0,13,0,13,0,13,0,13,0,13
1400000US13077170501,13077170501,"Census Tract 1705.01, Coweta County, Georgia",6594,534,6594,534,6263,526,1930,164,1266,164,664,183,1557,178,1974,227,1813,244,83,65,78,60,202,120,18,24,32,35,30,47,115,91,274,197,131,91,20,31,8,15,59,56,0,19,44,63,331,102,320,101,122,59,115,58,7,9,198,86,195,87,3,4,11,11,0,19,3,5,8,9,0,19,0,19,0,19
1400000US13077170502,13077170502,"Census Tract 1705.02, Coweta County, Georgia",5703,580,5703,580,5153,626,1598,166,922,167,676,177,1194,129,1813,463,1685,437,39,48,89,99,113,85,53,65,68,65,7,12,21,30,209,173,77,79,4,9,0,19,73,79,0,19,0,19,550,240,469,184,215,146,193,134,22,29,254,140,162,91,92,107,81,79,0,19,4,6,77,78,0,19,0,19,0,19
1400000US13077170503,13077170503,"Census Tract 1705.03, Coweta County, Georgia",5583,408,5583,408,5001,582,1591,158,935,158,656,149,1343,156,1712,349,1657,348,43,37,12,15,143,151,32,28,15,17,19,26,58,56,32,36,56,40,0,19,10,16,25,26,0,19,21,22,582,308,441,192,95,45,91,46,4,6,346,200,195,100,151,166,141,131,0,19,23,26,118,129,0,19,0,19,0,19
1400000US13077170601,13077170601,"Census Tract 1706.01, Coweta County, Georgia",6502,831,6502,831,5508,905,1608,256,761,194,847,228,870,220,2172,574,2141,575,4,29,27,41,350,252,73,85,75,93,25,42,0,19,285,279,50,52,26,40,0,19,0,19,24,39,0,19,994,266,919,242,323,171,279,167,44,47,596,194,560,187,36,55,75,68,0,19,48,55,20,34,0,19,7,16,0,19
1400000US13077170602,13077170602,"Census Tract 1706.02, Coweta County, Georgia",8257,638,8257,638,7607,645,2497,228,1634,256,863,274,2178,233,2571,361,2402,317,87,103,82,109,101,112,73,72,42,44,28,33,14,23,11,19,92,120,0,19,0,19,23,35,18,30,51,80,650,246,523,194,135,99,100,95,35,34,388,182,319,161,69,73,127,103,7,11,50,81,55,49,0,19,15,25,0,19
1400000US13077170603,13077170603,"Census Tract 1706.03, Coweta County, Georgia",5406,384,5406,384,4825,453,1529,160,1046,150,483,126,1135,210,1782,223,1543,169,131,143,108,89,82,75,10,18,47,44,0,19,33,34,9,14,198,144,55,66,82,105,61,87,0,19,0,19,581,228,452,164,265,106,151,86,114,94,187,133,176,136,11,20,129,109,98,107,0,19,12,22,0,19,19,33,0,19
1400000US13077170700,13077170700,"Census Tract 1707, Coweta County, Georgia",7073,542,6955,551,6117,579,1929,199,838,172,1091,169,1041,165,1766,316,1669,337,0,19,97,85,609,193,252,161,64,51,0,19,58,55,267,165,131,79,0,19,26,41,55,42,0,19,50,45,838,208,709,159,305,108,255,101,50,60,404,113,332,101,72,75,129,94,0,19,0,19,129,94,0,19,0,19,118,88
1400000US13077170801,13077170801,"Census Tract 1708.01, Coweta County, Georgia",5912,532,5912,532,5293,548,1491,158,761,135,730,174,1126,144,2077,323,1961,309,47,60,69,45,147,85,59,41,183,122,3,6,21,32,68,80,118,98,0,19,0,19,57,52,0,19,61,64,619,147,555,130,193,90,165,90,28,27,362,121,328,115,34,35,64,47,0,19,18,30,46,37,0,19,0,19,0,19
1400000US13077170802,13077170802,"Census Tract 1708.02, Coweta County, Georgia",4921,508,4921,508,3968,454,1122,115,811,110,311,121,896,114,1507,243,1424,243,41,39,42,37,184,84,39,35,73,45,40,34,24,36,67,66,16,23,0,13,0,13,16,23,0,13,0,13,953,384,556,134,302,128,209,112,93,97,254,115,172,81,82,87,397,319,205,267,62,79,68,86,0,13,62,80,0,13
1400000US13079070100,13079070100,"Census Tract 701, Crawford County, Georgia",3457,388,3319,386,2953,395,976,137,452,130,524,122,593,141,1158,230,1113,229,37,44,8,12,75,57,22,24,0,13,0,13,19,30,46,53,64,43,6,11,3,6,27,32,14,23,14,22,366,102,366,102,155,75,155,75,0,13,211,76,211,76,0,13,0,13,0,13,0,13,0,13,0,13,0,13,138,51
1400000US13079070201,13079070201,"Census Tract 702.01, Crawford County, Georgia",5426,477,5426,477,4945,495,1600,184,979,182,621,164,1375,191,1333,275,1236,265,0,19,97,70,230,158,74,68,97,70,0,19,36,49,128,106,72,41,9,13,0,19,54,38,0,19,9,18,481,164,471,159,290,131,270,127,20,35,181,99,181,99,0,19,10,18,0,19,0,19,10,18,0,19,0,19,0,19
1400000US13079070202,13079070202,"Census Tract 702.02, Crawford County, Georgia",3818,399,3811,400,3406,424,993,155,476,134,517,152,576,145,1315,310,1300,305,0,13,15,25,104,109,106,106,170,188,0,13,35,63,57,75,50,65,0,13,0,13,50,65,0,13,0,13,405,159,286,110,114,81,85,84,29,37,172,83,117,74,55,46,119,81,0,13,17,29,79,68,0,13,23,37,7,14
1400000US13081010100,13081010100,"Census Tract 101, Crisp County, Georgia",4685,449,4449,437,3908,492,1269,168,626,143,643,144,787,179,1395,283,1271,319,30,47,94,82,86,120,82,73,0,13,0,13,0,13,260,141,29,36,0,13,0,13,29,36,0,13,0,13,541,189,439,112,143,73,114,64,29,45,296,91,262,78,34,37,102,104,66,96,0,13,36,40,0,13,0,13,236,78
1400000US13081010201,13081010201,"Census Tract 102.01, Crisp County, Georgia",5846,715,5620,716,4304,809,1271,222,593,171,678,151,693,150,1626,476,1522,430,0,19,104,142,460,275,73,69,26,45,0,19,0,19,93,71,62,61,0,19,46,53,0,19,0,19,16,29,1316,628,864,240,429,212,253,139,176,167,435,126,422,129,13,21,452,442,18,29,0,19,198,181,0,19,236,303,226,103
1400000US13081010202,13081010202,"Census Tract 102.02, Crisp County, Georgia",2553,506,2553,506,2204,526,673,160,209,84,464,152,338,90,904,346,848,342,0,13,56,57,78,92,36,41,43,62,0,13,0,13,18,27,114,85,0,13,41,56,33,38,0,13,40,61,349,179,236,107,67,62,14,22,53,59,169,82,138,84,31,34,113,101,0,13,67,80,26,30,20,32,0,13,0,13
1400000US13081010300,13081010300,"Census Tract 103, Crisp County, Georgia",4074,508,4074,508,3650,551,985,150,476,104,509,151,624,117,1575,323,1420,337,23,36,132,115,135,101,13,21,83,66,17,27,31,36,47,60,140,91,0,13,34,49,63,56,0,13,43,51,424,134,382,114,189,99,151,91,38,48,193,74,193,74,0,13,42,50,0,13,15,24,27,42,0,13,0,13,0,13
1400000US13081010400,13081010400,"Census Tract 104, Crisp County, Georgia",4487,458,4485,458,3677,477,1348,196,414,134,934,174,748,168,1246,274,1218,275,16,27,12,46,86,71,67,83,70,64,28,26,0,13,33,41,51,78,0,13,0,13,0,13,51,78,0,13,808,224,797,222,260,151,249,149,11,18,537,180,537,180,0,13,11,18,0,13,0,13,11,18,0,13,0,13,2,2
1400000US13081010500,13081010500,"Census Tract 105, Crisp County, Georgia",1815,289,1815,289,1688,291,513,81,335,80,178,63,404,94,475,148,454,147,13,15,8,11,63,44,81,52,96,59,0,13,0,13,42,26,14,12,2,4,0,13,11,11,1,2,0,13,127,63,97,49,44,26,36,23,8,10,53,43,47,42,6,7,30,33,0,13,8,14,6,7,0,13,16,20,0,13
1400000US13083040101,13083040101,"Census Tract 401.01, Dade County, Georgia",5252,434,5156,444,4618,478,1641,212,1000,185,641,145,1220,173,1343,229,1293,234,22,27,28,32,185,131,0,19,27,27,8,13,31,33,92,65,71,54,0,19,6,10,57,54,0,19,8,14,538,168,524,164,200,97,185,93,15,26,324,144,324,144,0,19,14,24,0,19,0,19,14,24,0,19,0,19,96,63
1400000US13083040102,13083040102,"Census Tract 401.02, Dade County, Georgia",3286,365,3267,364,2869,392,975,149,631,133,344,117,784,134,877,172,826,174,7,13,44,54,72,60,27,39,17,25,5,8,0,13,6,10,106,81,0,13,0,13,90,76,16,23,0,13,398,119,362,105,208,91,195,88,13,20,154,54,114,51,40,36,36,33,0,13,6,11,13,25,0,13,17,19,19,19
1400000US13083040200,13083040200,"Census Tract 402, Dade County, Georgia",4346,379,4268,376,3808,408,1376,152,763,157,613,157,1050,160,1022,201,959,198,0,13,63,44,209,113,5,9,21,31,10,13,17,27,80,59,18,20,0,13,0,13,18,20,0,13,0,13,460,155,385,110,130,69,121,67,9,15,255,83,213,78,42,59,75,82,0,13,0,13,50,64,0,13,25,41,78,49
1400000US13083040300,13083040300,"Census Tract 403, Dade County, Georgia",3714,353,2746,259,2390,294,881,105,583,107,298,98,811,111,498,123,470,118,9,14,19,23,66,46,7,10,5,8,11,17,7,12,39,41,65,82,0,13,0,13,29,40,0,13,36,45,356,110,319,93,164,74,135,66,29,35,155,62,141,57,14,18,37,34,7,12,23,29,7,13,0,13,0,13,968,279
1400000US13085970100,13085970100,"Census Tract 9701, Dawson County, Georgia",7213,539,7026,543,6110,587,2143,218,1067,182,1076,220,1771,205,1531,361,1403,356,76,69,52,50,141,107,77,74,79,80,28,37,24,37,15,23,301,179,29,41,46,52,90,64,0,19,136,122,916,215,731,157,381,129,300,115,81,69,350,119,266,107,84,71,185,115,4,7,58,54,37,36,0,19,86,98,187,110
1400000US13085970201,13085970201,"Census Tract 9702.01, Dawson County, Georgia",7194,734,7194,734,6377,828,2105,286,1353,228,752,218,1602,245,2138,407,2044,423,56,53,38,45,187,123,47,43,20,30,0,19,68,50,0,19,210,135,0,19,22,36,169,132,0,19,19,28,817,310,614,201,294,143,241,138,53,58,320,142,262,118,58,68,203,166,73,119,46,51,84,71,0,19,0,19,0,19
1400000US13085970202,13085970202,"Census Tract 9702.02, Dawson County, Georgia",7839,492,7839,492,7156,562,2104,194,1203,222,901,213,1604,240,2290,306,2042,298,167,133,81,60,184,119,66,72,117,115,54,63,99,113,350,353,288,210,35,55,0,19,138,132,39,67,76,83,683,210,613,184,242,121,225,126,17,31,371,140,330,132,41,50,70,70,0,19,0,19,40,49,0,19,30,54,0,19
1400000US13087970100,13087970100,"Census Tract 9701, Decatur County, Georgia",3605,402,3605,402,3190,386,1051,157,606,123,445,119,872,124,976,209,949,209,27,30,0,13,90,49,2,6,15,23,7,12,0,13,138,128,39,46,0,13,0,13,36,46,0,13,3,7,415,130,358,100,165,79,132,72,33,38,193,65,179,60,14,20,57,52,0,13,0,13,47,41,0,13,10,17,0,13
1400000US13087970200,13087970200,"Census Tract 9702, Decatur County, Georgia",2954,396,2953,396,2576,399,784,130,384,105,400,122,561,129,938,231,889,229,15,21,34,33,63,51,74,58,35,53,0,13,4,8,37,29,80,69,11,19,22,30,33,35,0,13,14,19,377,160,329,134,112,78,112,78,0,13,217,111,161,94,56,66,48,51,0,13,0,13,31,45,0,13,17,24,1,4
1400000US13087970300,13087970300,"Census Tract 9703, Decatur County, Georgia",7309,645,6236,622,5569,669,1668,227,674,201,994,185,989,222,1977,333,1840,304,18,28,119,89,393,188,136,104,0,19,0,19,13,25,299,216,94,61,0,19,9,15,55,51,0,19,30,37,667,194,630,183,386,151,371,150,15,24,244,123,234,120,10,17,37,44,14,23,23,37,0,19,0,19,0,19,1073,251
1400000US13087970400,13087970400,"Census Tract 9704, Decatur County, Georgia",4339,497,4333,496,3282,548,920,158,276,89,644,167,455,126,1326,349,1218,354,0,13,108,168,325,281,48,41,44,48,0,13,0,13,128,101,36,32,4,10,12,18,20,23,0,13,0,13,1051,234,872,162,450,124,399,117,51,42,422,135,364,119,58,57,179,116,6,11,113,107,39,45,0,13,21,26,6,6
1400000US13087970600,13087970600,"Census Tract 9706, Decatur County, Georgia",5614,506,5489,502,4549,544,1414,156,596,145,818,179,993,164,1649,318,1610,324,23,36,16,26,237,209,5,14,22,35,0,19,46,53,17,25,166,137,0,19,0,19,166,137,0,19,0,19,940,198,870,186,202,89,169,80,33,35,668,174,621,181,47,69,70,60,0,19,0,19,46,51,0,19,24,40,125,125
1400000US13087970700,13087970700,"Census Tract 9707, Decatur County, Georgia",1534,238,1534,238,1283,259,464,85,258,59,206,76,341,65,358,167,343,166,10,15,5,10,0,13,43,46,40,51,21,25,0,13,10,14,6,11,0,13,6,11,0,13,0,13,0,13,251,82,251,82,126,60,126,60,0,13,125,65,125,65,0,13,0,13,0,13,0,13,0,13,0,13,0,13,0,13
1400000US13087970800,13087970800,"Census Tract 9708, Decatur County, Georgia",2460,293,2432,291,1922,277,604,92,267,82,337,79,309,90,639,164,593,167,0,13,46,43,149,93,33,30,46,63,0,13,23,35,44,43,75,56,9,15,6,10,29,34,0,13,31,49,510,233,283,74,161,61,110,43,51,48,122,56,104,53,18,19,227,191,115,141,0,13,40,36,0,13,72,96,28,25
1400000US13089020100,13089020100,"Census Tract 201, DeKalb County, Georgia",1720,213,1720,213,1349,238,414,68,296,67,118,43,384,73,543,126,524,127,19,21,0,13,0,13,0,13,0,13,0,13,0,13,0,13,8,14,0,13,8,14,0,13,0,13,0,13,371,106,265,69,112,45,81,45,31,27,153,60,123,61,30,23,106,77,0,13,79,84,27,27,0,13,0,13,0,13
1400000US13089020200,13089020200,"Census Tract 202, DeKalb County, Georgia",2065,240,2046,239,1096,219,379,74,203,81,176,58,365,80,299,102,266,100,33,28,0,13,0,13,18,22,0,13,0,13,0,13,0,13,35,52,35,52,0,13,0,13,0,13,0,13,950,201,689,116,327,94,272,91,55,40,362,107,260,99,102,63,261,161,125,161,54,71,82,54,0,13,0,13,19,16
1400000US13089020300,13089020300,"Census Tract 203, DeKalb County, Georgia",3730,348,3697,349,2683,397,859,117,482,116,377,98,773,108,1014,224,998,223,4,8,12,18,19,31,0,13,0,13,0,13,0,13,0,13,18,24,0,13,8,18,10,13,0,13,0,13,1014,238,654,132,301,115,180,95,121,75,353,104,219,99,134,60,360,151,57,70,156,104,147,68,0,13,0,13,33,16
1400000US13089020400,13089020400,"Census Tract 204, DeKalb County, Georgia",2564,209,2564,209,1599,245,560,85,204,62,356,82,457,79,521,122,503,119,18,21,0,13,0,13,24,26,0,13,0,13,0,13,0,13,37,29,0,13,0,13,37,29,0,13,0,13,965,224,598,110,303,92,151,53,152,82,295,84,210,79,85,45,367,151,0,13,213,121,144,77,0,13,10,17,0,13
1400000US13089020500,13089020500,"Census Tract 205, DeKalb County, Georgia",2873,355,2851,354,1565,329,522,94,217,81,305,78,318,79,462,206,462,206,0,13,0,13,43,56,41,41,65,57,0,13,0,13,81,94,33,32,0,13,15,23,18,22,0,13,0,13,1286,308,827,137,375,127,253,113,122,78,452,102,338,100,114,68,459,214,0,13,370,207,89,61,0,13,0,13,22,14
1400000US13089020600,13089020600,"Census Tract 206, DeKalb County, Georgia",1687,288,1687,288,1131,299,341,70,93,42,248,71,202,64,405,188,405,188,0,13,0,13,104,91,19,31,49,40,0,13,0,13,0,13,11,16,0,13,0,13,11,16,0,13,0,13,556,130,439,104,174,82,138,72,36,30,265,79,218,78,47,28,117,55,24,38,35,29,58,35,0,13,0,13,0,13
1400000US13089020700,13089020700,"Census Tract 207, DeKalb County, Georgia",1991,236,1988,236,1197,258,341,78,169,59,172,66,180,61,469,98,469,98,0,13,0,13,73,57,25,37,25,38,0,13,18,29,55,45,11,16,0,13,0,13,11,16,0,13,0,13,791,158,594,95,221,92,171,84,50,35,373,110,286,101,87,53,197,104,18,29,80,81,48,33,0,13,51,60,3,3
1400000US13089020801,13089020801,"Census Tract 208.01, DeKalb County, Georgia",2448,247,2437,245,1772,267,551,79,281,87,270,74,392,87,511,153,469,150,32,35,10,17,183,121,39,47,23,34,0,13,13,21,60,45,0,13,0,13,0,13,0,13,0,13,0,13,665,150,500,100,214,86,136,73,78,51,286,91,222,85,64,51,165,84,8,13,25,31,105,64,15,24,12,19,11,23
1400000US13089020802,13089020802,"Census Tract 208.02, DeKalb County, Georgia",3826,342,3823,341,2816,418,874,119,351,84,523,110,463,88,900,231,842,225,38,46,20,22,275,119,104,89,42,32,12,19,16,19,57,54,73,51,19,15,14,22,40,43,0,13,0,13,1007,220,802,155,394,141,318,134,76,48,408,125,350,115,58,56,205,112,24,35,101,92,80,45,0,13,0,13,3,3
1400000US13089020900,13089020900,"Census Tract 209, DeKalb County, Georgia",5802,546,5802,546,4541,620,1457,141,596,176,861,170,1016,167,1724,613,1634,605,90,93,0,19,27,43,24,41,51,48,0,19,0,19,187,188,55,68,0,19,0,19,18,30,0,19,37,60,1261,282,1027,187,564,162,435,152,129,81,463,147,443,145,20,31,234,178,0,19,34,60,80,51,0,19,120,162,0,19
1400000US13089021101,13089021101,"Census Tract 211.01, DeKalb County, Georgia",3359,252,3354,252,2974,273,994,95,673,99,321,110,937,89,985,135,955,131,16,24,14,22,16,25,0,13,42,45,0,13,0,13,0,13,0,13,0,13,0,13,0,13,0,13,0,13,380,144,301,100,148,87,78,67,70,68,153,70,143,66,10,16,79,73,0,13,0,13,79,73,0,13,0,13,5,6
1400000US13089021102,13089021102,"Census Tract 211.02, DeKalb County, Georgia",4921,476,4122,398,2621,322,1037,127,660,128,377,114,1017,131,521,110,521,110,0,13,0,13,0,13,0,13,0,13,0,13,0,13,0,13,46,57,0,13,0,13,0,13,0,13,46,57,1501,275,1226,170,458,143,400,145,58,40,768,147,652,135,116,79,275,170,50,80,154,155,71,47,0,13,0,13,799,203
1400000US13089021202,13089021202,"Census Tract 212.02, DeKalb County, Georgia",6556,378,6419,371,5059,413,1723,163,976,162,747,177,1505,146,1670,239,1604,229,66,94,0,19,17,30,40,47,50,58,0,19,4,11,17,26,33,48,0,19,0,19,11,19,0,19,22,36,1360,248,1101,193,486,141,367,137,119,57,615,140,533,129,82,61,259,109,12,23,92,68,134,96,0,19,21,34,137,100
1400000US13089021204,13089021204,"Census Tract 212.04, DeKalb County, Georgia",3662,497,3662,497,2586,510,565,109,332,97,233,91,283,106,922,271,873,254,17,27,32,50,38,46,110,89,0,13,0,13,11,18,159,113,498,224,186,178,145,156,96,63,0,13,71,113,1076,381,384,97,318,89,166,73,152,67,66,60,52,54,14,23,692,343,135,140,338,272,19,24,0,13,200,209,0,13
1400000US13089021208,13089021208,"Census Tract 212.08, DeKalb County, Georgia",2964,367,2964,367,1946,359,643,106,497,106,146,59,463,107,608,137,567,135,31,35,10,17,46,53,43,49,54,43,0,13,51,73,9,15,29,23,0,13,0,13,29,23,0,13,0,13,1018,285,680,130,348,126,247,115,101,71,332,110,282,100,50,36,338,216,28,30,249,205,47,43,0,13,14,22,0,13
1400000US13089021209,13089021209,"Census Tract 212.09, DeKalb County, Georgia",4855,338,4714,320,3152,371,1134,159,585,94,549,165,938,141,802,128,758,119,44,39,0,13,63,66,121,114,23,36,0,13,14,21,14,22,43,49,26,42,17,27,0,13,0,13,0,13,1562,273,1338,206,604,163,564,167,40,35,734,168,599,156,135,83,224,135,0,13,111,117,113,68,0,13,0,13,141,83
1400000US13089021210,13089021210,"Census Tract 212.10, DeKalb County, Georgia",5635,316,5633,316,5143,386,1581,125,1098,145,483,124,1347,117,2098,228,1982,236,67,64,49,55,35,32,39,47,0,19,0,19,0,19,0,19,43,69,0,19,0,19,0,19,0,19,43,69,490,127,439,107,179,88,162,86,17,24,260,88,225,84,35,39,51,44,0,19,0,19,51,44,0,19,0,19,2,2
1400000US13089021211,13089021211,"Census Tract 212.11, DeKalb County, Georgia",4581,377,4581,377,4017,418,1307,128,857,115,450,113,1192,130,1272,187,1205,185,67,45,0,13,13,19,24,25,146,117,9,18,0,13,32,35,22,24,13,20,0,13,9,14,0,13,0,13,564,135,479,114,215,83,187,81,28,26,264,91,235,82,29,24,85,54,0,13,41,47,35,23,0,13,9,15,0,13
1400000US13089021213,13089021213,"Census Tract 212.13, DeKalb County, Georgia",3368,205,3368,205,3193,213,1019,75,711,87,308,74,929,61,1117,124,1079,126,38,31,0,13,48,67,35,41,0,13,0,13,0,13,0,13,45,50,0,13,0,13,33,46,0,13,12,19,175,82,143,61,44,28,33,22,11,17,99,53,89,52,10,16,32,36,15,25,17,27,0,13,0,13,0,13,0,13
1400000US13089021214,13089021214,"Census Tract 212.14, DeKalb County, Georgia",6320,429,6320,429,6127,445,1844,113,1293,169,551,143,1750,120,2198,237,2191,238,7,12,0,19,54,88,10,17,120,112,107,112,27,44,0,19,17,34,0,19,0,19,0,19,0,19,17,34,193,87,183,82,49,40,49,40,0,19,134,64,122,62,12,18,10,16,0,19,0,19,10,16,0,19,0,19,0,19
1400000US13089021215,13089021215,"Census Tract 212.15, DeKalb County, Georgia",5283,567,5283,567,3987,680,1318,228,928,216,390,166,1124,219,1285,385,1285,385,0,19,0,19,0,19,46,50,54,63,33,50,0,19,91,132,36,52,36,52,0,19,0,19,0,19,0,19,1296,308,1169,269,676,226,651,228,25,28,493,175,437,177,56,47,127,127,0,19,100,128,27,31,0,19,0,19,0,19
1400000US13089021216,13089021216,"Census Tract 212.16, DeKalb County, Georgia",7770,688,7669,685,5043,891,1569,246,969,205,600,177,1232,188,1689,346,1608,335,81,90,0,19,33,54,194,157,140,104,0,19,0,19,141,183,45,53,0,19,28,45,17,27,0,19,0,19,2626,397,2245,325,992,259,858,236,134,93,1253,264,1110,256,143,81,381,173,37,46,230,147,105,74,0,19,9,15,101,64
1400000US13089021217,13089021217,"Census Tract 212.17, DeKalb County, Georgia",2637,319,2623,320,2108,393,612,91,300,99,312,111,456,110,787,183,746,190,41,64,0,13,56,76,16,26,64,64,57,72,0,13,33,53,27,28,0,13,15,24,0,13,0,13,12,16,515,163,368,94,176,83,67,43,109,79,192,77,180,74,12,19,147,89,7,11,22,33,97,81,0,13,21,32,14,11
1400000US13089021218,13089021218,"Census Tract 212.18, DeKalb County, Georgia",5016,610,4909,605,2591,657,863,220,519,189,344,141,546,192,828,263,593,230,187,215,48,58,26,42,104,105,134,144,0,19,0,19,90,103,0,19,0,19,0,19,0,19,0,19,0,19,2318,357,1994,265,745,187,619,194,126,108,1249,255,1159,258,90,73,324,236,85,93,193,196,37,39,0,19,9,15,107,96
1400000US13089021301,13089021301,"Census Tract 213.01, DeKalb County, Georgia",3191,485,3133,484,1867,499,522,111,282,104,240,83,237,92,490,149,490,149,0,13,0,13,69,62,116,126,60,54,0,13,0,13,233,188,140,221,140,221,0,13,0,13,0,13,0,13,1266,291,790,136,414,109,238,99,176,91,376,124,348,117,28,34,476,226,11,20,326,220,0,13,0,13,139,32,58,22
1400000US13089021303,13089021303,"Census Tract 213.03, DeKalb County, Georgia",5962,540,5962,540,5497,585,1424,127,892,128,532,131,991,123,2066,336,1940,340,37,57,89,74,181,126,82,61,73,55,39,52,54,55,372,218,215,115,0,19,57,46,90,54,0,19,68,100,465,178,335,97,201,82,150,59,51,45,134,59,125,57,9,11,130,107,53,76,7,13,17,19,9,14,44,55,0,19
1400000US13089021305,13089021305,"Census Tract 213.05, DeKalb County, Georgia",4965,617,4958,617,4302,627,1144,151,685,161,459,146,828,160,1535,399,1310,337,93,130,132,147,43,69,131,127,179,128,0,13,0,13,349,401,93,90,0,13,46,73,47,59,0,13,0,13,656,320,343,130,205,109,136,98,69,66,138,86,111,83,27,31,313,260,0,13,300,259,13,22,0,13,0,13,7,6
1400000US13089021306,13089021306,"Census Tract 213.06, DeKalb County, Georgia",4844,601,4844,601,3867,653,1098,179,646,171,452,170,618,156,1506,382,1450,379,56,67,0,13,0,13,146,125,137,102,0,13,0,13,92,74,270,169,0,13,30,51,156,97,0,13,84,102,977,195,879,169,583,169,521,172,62,56,296,105,285,104,11,18,98,81,0,13,84,81,14,17,0,13,0,13,0,13
1400000US13089021307,13089021307,"Census Tract 213.07, DeKalb County, Georgia",4481,769,4438,769,3927,786,870,136,543,142,327,105,503,141,1097,267,1082,266,15,22,0,13,162,123,303,176,169,147,30,37,11,18,549,405,233,117,0,13,93,87,125,80,0,13,15,24,511,231,262,110,106,81,54,54,52,50,156,77,104,63,52,42,249,161,0,13,172,139,30,25,0,13,47,76,43,15
1400000US13089021308,13089021308,"Census Tract 213.08, DeKalb County, Georgia",4190,733,4188,732,2819,723,680,132,423,135,257,99,581,167,867,363,840,366,27,40,0,13,188,147,202,158,0,13,0,13,44,53,106,88,151,182,0,13,0,13,19,31,0,13,132,179,1369,478,704,156,455,153,257,126,198,113,249,113,147,86,102,84,665,372,46,50,460,333,50,46,0,13,109,173,2,5
1400000US13089021405,13089021405,"Census Tract 214.05, DeKalb County, Georgia",3927,401,3907,402,2783,387,854,103,556,100,298,97,714,97,1000,295,962,296,16,18,22,25,4,16,0,13,0,13,0,13,0,13,163,175,48,49,13,22,0,13,6,14,0,13,29,46,1124,287,796,138,471,127,347,118,124,66,325,97,298,96,27,30,328,215,164,196,134,77,30,26,0,13,0,13,20,12
1400000US13089021409,13089021409,"Census Tract 214.09, DeKalb County, Georgia",3697,1204,3682,1205,2765,1210,510,144,348,124,162,106,354,134,934,366,845,372,0,13,89,69,0,13,298,322,0,13,0,13,0,13,408,553,261,234,0,13,247,232,0,13,0,13,14,24,917,529,456,138,280,123,157,102,123,78,176,94,165,92,11,20,461,456,0,13,349,444,58,41,0,13,54,53,15,14
1400000US13089021410,13089021410,"Census Tract 214.10, DeKalb County, Georgia",4746,640,4735,642,2834,669,690,134,318,109,372,100,478,113,1290,438,1207,426,37,61,46,53,40,49,0,13,38,43,0,13,22,35,0,13,276,130,18,28,92,82,113,81,0,13,53,63,1901,621,1055,176,694,169,408,133,286,128,361,114,328,108,33,39,846,499,362,446,290,215,126,81,0,13,68,90,11,19
1400000US13089021411,13089021411,"Census Tract 214.11, DeKalb County, Georgia",3262,403,3262,403,1746,478,639,147,323,120,316,112,468,114,463,145,463,145,0,13,0,13,0,13,80,107,0,13,0,13,0,13,0,13,96,108,0,13,83,108,13,20,0,13,0,13,1516,250,1086,136,567,132,416,123,151,74,519,117,406,123,113,64,430,175,48,54,304,161,78,46,0,13,0,13,0,13
1400000US13089021412,13089021412,"Census Tract 214.12, DeKalb County, Georgia",3093,307,3090,308,2116,383,714,127,377,108,337,112,625,133,595,194,595,194,0,13,0,13,38,50,31,51,0,13,0,13,0,13,83,65,30,36,0,13,0,13,30,36,0,13,0,13,974,283,631,143,231,81,142,72,89,56,400,105,272,95,128,81,343,185,17,31,123,112,123,68,0,13,80,129,3,5
1400000US13089021413,13089021413,"Census Tract 214.13, DeKalb County, Georgia",4289,731,4289,731,3460,751,762,130,438,127,324,122,447,124,1563,454,1540,450,23,36,0,13,30,52,263,143,0,13,0,13,0,13,177,158,218,179,0,13,151,145,38,45,0,13,29,48,829,234,537,138,402,122,205,83,197,95,135,79,119,79,16,19,292,131,92,93,130,78,42,45,0,13,28,45,0,13
1400000US13089021414,13089021414,"Census Tract 214.14, DeKalb County, Georgia",3041,524,3038,524,1977,567,520,124,412,124,108,79,348,98,604,202,586,200,0,13,18,27,0,13,237,282,66,69,0,13,0,13,97,128,105,154,0,13,98,153,7,11,0,13,0,13,1061,228,863,168,502,129,409,119,93,66,361,134,273,118,88,78,198,104,0,13,100,89,98,70,0,13,0,13,3,3
1400000US13089021415,13089021415,"Census Tract 214.15, DeKalb County, Georgia",3882,464,3855,463,2615,556,835,149,527,139,308,146,638,142,942,382,718,328,60,78,164,257,0,13,109,95,0,13,0,13,0,13,30,46,61,64,0,13,33,57,15,24,0,13,13,21,1240,275,931,151,572,127,441,124,131,100,359,113,255,97,104,71,309,169,89,96,126,100,94,68,0,13,0,13,27,16
1400000US13089021416,13089021416,"Census Tract 214.16, DeKalb County, Georgia",3125,676,3125,676,2328,750,522,135,360,124,162,91,348,105,666,258,666,258,0,13,0,13,42,60,219,164,39,70,0,13,26,42,301,205,165,128,91,106,0,13,49,45,0,13,25,42,797,276,450,121,225,114,128,79,97,80,225,76,144,75,81,55,347,190,0,13,315,191,32,28,0,13,0,13,0,13
1400000US13089021417,13089021417,"Census Tract 214.17, DeKalb County, Georgia",5273,879,5273,879,3175,1036,716,208,470,186,246,120,516,169,1212,423,1174,429,38,51,0,19,0,19,183,149,40,72,0,19,0,19,98,97,410,312,145,232,138,177,72,75,0,19,55,67,2098,509,1392,243,593,267,318,181,275,193,799,240,678,233,121,93,706,394,112,171,437,332,131,106,0,19,26,41,0,19
1400000US13089021502,13089021502,"Census Tract 215.02, DeKalb County, Georgia",4182,384,4179,384,1873,356,634,130,341,106,293,109,559,134,542,153,436,171,106,135,0,13,0,13,0,13,19,31,21,33,0,13,0,13,98,88,50,64,0,13,26,30,0,13,22,34,2306,304,1735,184,1058,166,769,170,289,101,677,168,564,142,113,83,571,203,112,89,305,195,154,77,0,13,0,13,3,4
1400000US13089021503,13089021503,"Census Tract 215.03, DeKalb County, Georgia",3897,435,3744,425,2624,518,842,163,369,143,473,149,618,165,780,294,728,288,33,46,19,34,65,73,134,109,58,72,0,13,0,13,101,93,26,42,0,13,0,13,26,42,0,13,0,13,1120,233,830,158,543,147,448,135,95,60,287,110,213,100,74,61,290,125,48,56,190,100,52,55,0,13,0,13,153,78
1400000US13089021504,13089021504,"Census Tract 215.04, DeKalb County, Georgia",5406,446,5026,446,2713,544,942,184,590,167,352,109,783,156,760,248,705,245,33,46,22,31,0,19,76,89,0,19,15,24,0,19,110,104,27,41,0,19,0,19,27,41,0,19,0,19,2313,386,1631,237,670,161,454,138,216,93,961,206,686,195,275,123,682,214,0,19,446,175,176,96,0,19,60,67,380,136
1400000US13089021602,13089021602,"Census Tract 216.02, DeKalb County, Georgia",4174,278,4161,279,2860,355,968,154,522,125,446,108,702,128,983,148,812,176,86,68,85,87,0,13,81,88,0,13,0,13,13,24,32,36,81,61,21,34,24,38,36,37,0,13,0,13,1301,233,1086,163,394,116,338,119,56,37,692,127,609,124,83,49,215,125,37,50,61,64,70,44,0,13,47,59,13,14
1400000US13089021603,13089021603,"Census Tract 216.03, DeKalb County, Georgia",4931,426,4794,426,2297,388,803,144,421,106,382,123,619,133,645,162,601,160,44,36,0,13,49,52,61,58,0,13,22,34,0,13,49,55,49,56,0,13,0,13,49,56,0,13,0,13,2497,349,1934,227,767,166,593,152,174,114,1167,211,925,200,242,107,563,210,151,147,173,119,166,79,0,13,73,73,137,107
1400000US13089021604,13089021604,"Census Tract 216.04, DeKalb County, Georgia",3022,190,3022,190,2351,296,799,113,629,136,170,88,756,116,782,148,765,148,9,14,8,17,0,13,0,13,0,13,0,13,0,13,14,27,0,13,0,13,0,13,0,13,0,13,0,13,671,168,536,110,200,72,163,71,37,39,336,87,264,80,72,51,135,82,0,13,74,67,61,63,0,13,0,13,0,13
1400000US13089021605,13089021605,"Census Tract 216.05, DeKalb County, Georgia",5345,794,5332,794,3676,863,1070,214,689,190,381,148,923,194,1331,435,1258,406,28,33,45,66,136,130,13,40,29,35,21,26,14,26,46,71,93,118,2,22,0,19,23,28,0,19,68,113,1656,384,1234,265,662,198,518,175,144,96,572,176,425,173,147,88,422,203,0,19,339,202,62,49,0,19,21,34,13,13
1400000US13089021703,13089021703,"Census Tract 217.03, DeKalb County, Georgia",4977,268,4881,250,4278,305,1305,100,896,110,409,81,1143,96,1602,179,1528,189,74,60,0,13,18,26,14,21,95,84,9,17,28,41,14,21,50,38,0,13,0,13,35,30,0,13,15,23,603,126,523,107,217,82,180,78,37,30,306,93,296,87,10,17,80,64,0,13,36,56,34,30,0,13,10,15,96,78
1400000US13089021704,13089021704,"Census Tract 217.04, DeKalb County, Georgia",5072,606,5070,606,4149,754,1346,189,745,179,601,139,1218,185,1354,374,1296,356,31,35,27,42,74,88,47,73,52,50,0,19,26,40,0,19,32,50,0,19,0,19,32,50,0,19,0,19,921,250,773,187,317,141,270,135,47,54,456,181,394,175,62,46,148,115,0,19,18,29,101,76,0,19,29,47,2,4
1400000US13089021705,13089021705,"Census Tract 217.05, DeKalb County, Georgia",4576,523,4493,519,2927,597,977,166,319,116,658,173,616,153,1084,340,1008,324,63,97,13,20,0,13,56,48,52,64,0,13,0,13,48,78,94,103,0,13,59,85,35,57,0,13,0,13,1566,262,1299,198,653,196,523,180,130,85,646,183,562,163,84,77,267,131,69,84,72,58,126,92,0,13,0,13,83,24
1400000US13089021706,13089021706,"Census Tract 217.06, DeKalb County, Georgia",5955,633,5950,633,4698,722,1514,198,1010,213,504,158,1279,216,1507,381,1376,387,87,91,44,42,73,105,87,116,157,144,0,19,0,19,22,34,59,91,0,19,0,19,59,91,0,19,0,19,1252,196,1134,183,580,160,515,150,65,48,554,170,514,169,40,41,118,73,27,42,0,19,91,57,0,19,0,19,5,4
1400000US13089021805,13089021805,"Census Tract 218.05, DeKalb County, Georgia",6170,697,6144,696,4555,818,1325,197,724,179,601,156,936,198,1763,475,1656,473,36,40,71,72,10,16,216,128,59,64,0,19,17,27,145,107,84,101,18,31,2,26,64,77,0,19,0,19,1589,280,1224,193,672,172,514,170,158,98,552,168,447,157,105,71,365,163,0,19,202,140,82,68,0,19,81,65,26,38
1400000US13089021806,13089021806,"Census Tract 218.06, DeKalb County, Georgia",5675,521,5560,515,4301,551,1312,184,655,151,657,194,804,154,1759,374,1743,380,11,20,5,20,19,22,130,117,42,40,91,91,10,15,71,85,63,77,0,19,63,77,0,19,0,19,0,19,1259,303,1058,144,422,140,380,133,42,47,636,136,603,132,33,38,201,231,23,36,156,226,22,36,0,19,0,19,115,61
1400000US13089021808,13089021808,"Census Tract 218.08, DeKalb County, Georgia",4490,298,4490,298,3705,326,1234,119,780,126,454,95,936,124,1197,178,1138,176,36,33,23,28,28,20,95,107,66,53,5,12,21,30,88,77,35,42,0,13,0,13,35,42,0,13,0,13,785,272,573,114,202,91,128,75,74,66,371,89,324,85,47,50,212,203,0,13,132,192,80,58,0,13,0,13,0,13
1400000US13089021809,13089021809,"Census Tract 218.09, DeKalb County, Georgia",6679,419,6528,412,5688,438,1897,135,1364,171,533,132,1560,159,1817,247,1679,271,57,55,81,71,0,19,42,53,82,73,25,37,19,30,189,135,57,48,0,19,0,19,57,48,0,19,0,19,840,183,755,154,276,111,250,108,26,40,479,114,449,112,30,33,85,83,0,19,0,19,43,47,0,19,42,68,151,129
1400000US13089021810,13089021810,"Census Tract 218.10, DeKalb County, Georgia",5101,432,5094,432,3826,479,1318,170,1006,170,312,78,1020,132,1180,270,1126,263,8,13,46,42,12,22,43,41,50,50,19,28,28,29,119,97,37,35,0,19,0,19,37,35,0,19,0,19,1268,273,1027,191,435,158,347,147,88,90,592,167,485,154,107,67,241,133,0,19,144,96,97,90,0,19,0,19,7,6
1400000US13089021812,13089021812,"Census Tract 218.12, DeKalb County, Georgia",2452,281,2452,281,1834,309,497,84,283,83,214,75,371,88,689,132,494,150,131,115,64,67,17,20,8,13,43,38,0,13,18,28,146,122,45,39,0,13,0,13,30,29,0,13,15,25,618,122,485,92,173,52,152,51,21,17,312,81,238,75,74,35,133,58,16,18,68,46,18,14,4,7,27,32,0,13
1400000US13089021813,13089021813,"Census Tract 218.13, DeKalb County, Georgia",2361,527,2361,527,1332,540,369,139,253,111,116,89,136,94,584,323,410,263,0,13,174,175,0,13,113,131,0,13,0,13,0,13,0,13,130,84,0,13,26,45,104,77,0,13,0,13,1029,423,636,195,362,165,217,136,145,106,274,144,263,144,11,23,393,309,45,73,320,266,28,36,0,13,0,13,0,13
1400000US13089021814,13089021814,"Census Tract 218.14, DeKalb County, Georgia",7172,783,7166,784,5751,832,1563,206,679,186,884,192,743,186,2423,581,2423,581,0,19,0,19,88,71,243,210,99,100,39,58,0,19,396,244,157,143,0,19,0,19,54,53,0,19,103,115,1415,308,1134,174,736,131,629,132,107,88,398,120,365,118,33,31,281,206,17,26,164,193,48,38,0,19,52,67,6,6
1400000US13089021906,13089021906,"Census Tract 219.06, DeKalb County, Georgia",5649,545,5642,546,5046,598,1291,165,588,163,703,134,661,146,2229,379,2167,383,0,19,62,60,443,327,96,82,61,52,0,19,50,75,28,23,187,134,23,26,45,51,62,46,0,19,57,69,596,157,557,139,162,78,153,75,9,14,395,114,367,114,28,33,39,42,0,19,2,15,37,37,0,19,0,19,7,11
1400000US13089021907,13089021907,"Census Tract 219.07, DeKalb County, Georgia",8365,616,8338,614,7206,709,2295,231,1198,242,1097,229,1429,229,2593,381,2445,376,81,79,67,72,224,162,262,172,119,123,0,19,0,19,150,154,134,111,52,79,0,19,61,70,0,19,21,34,1132,252,1082,235,342,149,326,147,16,24,740,191,714,187,26,30,50,48,0,19,0,19,11,19,16,27,23,37,27,29
1400000US13089021908,13089021908,"Census Tract 219.08, DeKalb County, Georgia",5170,721,5149,722,3986,821,1042,177,347,109,695,170,397,125,1586,407,1425,362,52,63,109,121,264,165,73,68,13,25,8,17,57,65,158,152,388,209,54,63,0,19,162,109,0,19,172,154,1163,242,945,166,425,131,399,121,26,30,520,141,413,130,107,72,218,122,50,81,62,54,26,25,0,19,80,76,21,11
1400000US13089021909,13089021909,"Census Tract 219.09, DeKalb County, Georgia",5092,644,5090,644,3915,675,1178,186,275,103,903,191,404,146,1514,478,1514,478,0,19,0,19,81,66,372,179,132,128,0,19,5,7,117,100,112,88,0,19,4,8,104,86,0,19,4,7,1175,272,1007,195,374,143,338,137,36,42,633,174,591,169,42,32,168,134,28,45,60,67,32,29,0,19,48,73,2,3
1400000US13089021910,13089021910,"Census Tract 219.10, DeKalb County, Georgia",4676,470,4673,470,3901,555,1129,186,659,135,470,147,698,158,1649,306,1610,310,0,13,39,40,143,93,92,83,46,53,29,46,21,30,18,30,76,73,0,13,0,13,14,22,0,13,62,71,772,228,664,176,302,135,265,129,37,42,362,131,362,131,0,13,108,129,0,13,108,129,0,13,0,13,0,13,3,3
1400000US13089021911,13089021911,"Census Tract 219.11, DeKalb County, Georgia",2217,476,2217,476,1661,596,474,167,47,50,427,163,88,70,776,353,776,353,0,13,0,13,47,66,95,132,40,71,0,13,0,13,128,116,13,23,0,13,0,13,0,13,0,13,13,23,556,196,441,151,247,127,247,127,0,13,194,87,95,61,99,66,115,80,0,13,0,13,115,80,0,13,0,13,0,13
1400000US13089021912,13089021912,"Census Tract 219.12, DeKalb County, Georgia",3383,330,3383,330,3076,381,1096,122,775,147,321,122,992,121,780,193,729,186,25,46,26,47,18,24,0,13,128,119,17,26,21,34,24,29,0,13,0,13,0,13,0,13,0,13,0,13,307,144,202,86,85,68,59,61,26,33,117,57,85,47,32,37,105,91,0,13,0,13,24,34,0,13,81,85,0,13
1400000US13089021913,13089021913,"Census Tract 219.13, DeKalb County, Georgia",4781,724,4641,716,3546,737,961,147,442,121,519,138,259,111,1339,383,1277,359,0,13,62,66,314,162,138,125,199,133,14,26,0,13,95,95,227,137,0,13,77,92,117,76,0,13,33,65,1095,278,818,166,523,159,402,144,121,94,295,115,233,105,62,55,277,178,122,156,53,59,87,66,0,13,15,25,140,108
1400000US13089022001,13089022001,"Census Tract 220.01, DeKalb County, Georgia",4520,445,4518,445,3243,530,942,122,510,97,432,111,664,120,1089,265,892,180,65,52,132,193,150,132,74,93,152,115,0,13,0,13,91,104,81,88,0,13,36,59,45,61,0,13,0,13,1275,171,1087,141,468,123,449,126,19,21,619,131,491,119,128,75,188,90,16,24,35,38,107,71,0,13,30,40,2,3
1400000US13089022004,13089022004,"Census Tract 220.04, DeKalb County, Georgia",5291,638,5245,636,4780,712,1265,164,690,141,575,132,807,145,1897,368,1832,370,25,23,40,39,183,104,232,142,79,70,31,46,34,52,204,135,48,51,12,22,25,43,11,16,0,19,0,19,465,206,306,128,117,69,53,49,64,48,189,107,171,102,18,21,159,115,9,18,47,75,12,19,0,19,91,132,46,28
1400000US13089022005,13089022005,"Census Tract 220.05, DeKalb County, Georgia",3698,425,3694,425,3171,467,943,128,423,136,520,143,483,108,1204,320,1185,320,19,29,0,13,33,30,87,83,70,62,34,45,0,13,191,192,126,66,0,13,59,48,57,51,10,23,0,13,523,152,429,116,227,93,195,84,32,31,202,84,165,80,37,35,94,67,21,38,21,33,23,25,0,13,29,34,4,5
1400000US13089022007,13089022007,"Census Tract 220.07, DeKalb County, Georgia",4150,433,4134,433,3633,484,884,111,510,113,374,116,498,109,1433,306,1374,322,0,13,59,74,136,98,263,179,116,87,0,13,8,12,69,53,226,193,33,37,70,83,17,25,0,13,106,151,501,158,371,103,252,86,204,80,48,35,119,64,119,64,0,13,130,93,29,40,89,73,12,20,0,13,0,13,16,8
1400000US13089022008,13089022008,"Census Tract 220.08, DeKalb County, Georgia",7847,848,7847,848,6675,945,1662,247,855,230,807,209,933,193,2825,521,2768,520,16,27,41,49,41,61,370,201,379,240,0,19,0,19,286,179,179,138,37,53,51,53,47,56,0,19,44,70,1172,307,849,201,504,194,406,178,98,86,345,124,292,118,53,54,323,193,0,19,170,162,45,48,0,19,108,154,0,19
1400000US13089022009,13089022009,"Census Tract 220.09, DeKalb County, Georgia",5515,605,5515,605,4381,690,1271,202,471,144,800,180,518,155,1884,377,1791,338,0,19,93,108,94,88,74,114,64,76,0,19,20,32,215,204,241,166,0,19,156,145,31,39,0,19,54,75,1134,271,957,199,444,165,376,154,68,57,513,145,484,142,29,37,177,129,20,32,127,113,30,39,0,19,0,19,0,19
1400000US13089022010,13089022010,"Census Tract 220.10, DeKalb County, Georgia",2317,471,2312,471,1978,507,435,86,278,86,157,76,308,91,634,205,487,194,38,53,109,65,246,236,155,148,98,80,0,13,16,26,60,73,26,29,0,13,12,21,0,13,14,22,0,13,334,137,259,99,109,70,66,64,43,33,150,64,132,58,18,30,75,60,0,13,24,41,21,27,0,13,30,40,5,7
1400000US13089022100,13089022100,"Census Tract 221, DeKalb County, Georgia",4157,457,4157,457,3509,484,950,129,338,89,612,114,373,90,1524,357,1524,357,0,13,0,13,250,197,75,63,108,83,7,24,0,13,159,96,63,100,0,13,0,13,0,13,0,13,63,100,648,146,500,114,180,91,151,88,29,21,320,92,236,83,84,52,148,69,0,13,60,45,73,56,0,13,15,22,0,13
1400000US13089022203,13089022203,"Census Tract 222.03, DeKalb County, Georgia",2035,462,1938,450,873,308,358,124,77,61,281,115,240,120,208,116,208,116,0,13,0,13,0,13,0,13,17,26,0,13,0,13,23,33,27,50,0,13,0,13,27,50,0,13,0,13,1065,451,653,159,297,135,229,108,68,69,356,115,303,111,53,49,412,392,0,13,383,393,19,26,0,13,10,19,97,67
1400000US13089022204,13089022204,"Census Tract 222.04, DeKalb County, Georgia",5586,725,5404,709,3700,820,1229,268,627,227,602,187,837,247,1312,418,1312,418,0,19,0,19,3,16,123,139,33,52,0,19,0,19,6,20,157,145,0,19,0,19,41,60,0,19,116,134,1704,375,1331,284,520,186,360,181,160,95,811,236,738,238,73,67,373,178,16,29,330,184,27,38,0,19,0,19,182,128
1400000US13089022301,13089022301,"Census Tract 223.01, DeKalb County, Georgia",5763,449,5742,450,3127,522,1102,167,658,139,444,107,856,150,852,175,851,178,0,19,1,26,0,19,0,19,65,92,0,19,16,26,212,246,24,40,0,19,24,40,0,19,0,19,0,19,2615,365,1832,186,636,150,434,141,202,124,1196,178,951,170,245,100,783,257,116,101,467,231,85,59,0,19,115,98,21,12
1400000US13089022302,13089022302,"Census Tract 223.02, DeKalb County, Georgia",4421,447,4412,447,3246,530,1127,172,634,119,493,164,777,135,1032,307,988,308,29,47,15,23,0,13,96,109,86,60,0,13,0,13,128,103,0,13,0,13,0,13,0,13,0,13,0,13,1166,240,886,161,381,138,310,128,71,48,505,128,406,129,99,55,280,142,38,60,111,84,91,53,0,13,40,64,9,6
1400000US13089022401,13089022401,"Census Tract 224.01, DeKalb County, Georgia",4347,395,4118,398,2426,317,869,117,455,98,414,110,738,96,677,139,677,139,0,13,0,13,61,91,22,38,0,13,0,13,37,40,22,35,0,13,0,13,0,13,0,13,0,13,0,13,1692,318,1119,163,495,124,293,115,202,77,624,154,521,133,103,82,573,209,81,104,355,186,120,59,0,13,17,26,229,97
1400000US13089022402,13089022402,"Census Tract 224.02, DeKalb County, Georgia",5594,603,1529,239,676,232,210,65,167,64,43,33,208,63,241,119,241,119,0,19,0,19,0,19,0,19,17,26,0,19,0,19,0,19,0,19,0,19,0,19,0,19,0,19,0,19,853,181,607,104,162,67,67,44,95,61,445,93,398,93,47,32,246,114,0,19,197,107,19,20,30,43,0,19,4065,562
1400000US13089022403,13089022403,"Census Tract 224.03, DeKalb County, Georgia",4032,362,4001,363,3478,383,1062,105,595,105,467,81,975,110,1318,240,1243,241,52,33,23,36,36,33,19,23,31,29,11,18,13,19,0,13,13,19,13,19,0,13,0,13,0,13,0,13,523,131,424,96,165,64,129,58,36,27,259,86,229,85,30,27,99,69,0,13,77,66,22,18,0,13,0,13,31,18
1400000US13089022500,13089022500,"Census Tract 225, DeKalb County, Georgia",5293,335,5259,325,3665,463,1190,171,484,116,706,164,789,147,1547,306,1437,300,68,66,42,39,34,45,24,38,22,35,0,19,0,19,0,19,59,57,0,19,25,40,34,40,0,19,0,19,1594,293,1290,213,311,129,181,98,130,92,979,191,877,189,102,52,304,144,21,34,103,89,117,70,0,19,63,100,34,34
1400000US13089022600,13089022600,"Census Tract 226, DeKalb County, Georgia",5800,310,5780,313,3661,358,1297,140,825,158,472,143,1052,122,1159,153,1117,153,42,41,0,19,0,19,31,50,20,34,0,19,0,19,56,64,46,43,0,19,18,30,28,34,0,19,0,19,2119,312,1648,193,499,149,400,128,99,69,1149,188,948,171,201,91,471,194,0,19,280,194,117,71,0,19,74,56,20,22
1400000US13089022700,13089022700,"Census Tract 227, DeKalb County, Georgia",4259,333,4011,318,3281,382,1062,136,538,128,524,106,676,97,1248,204,1131,204,16,24,101,112,42,37,166,138,0,13,0,13,14,23,10,18,63,44,0,13,0,13,63,44,0,13,0,13,730,182,624,147,210,81,173,81,37,29,414,113,362,102,52,44,106,63,13,19,14,23,79,49,0,13,0,13,248,134
1400000US13089022800,13089022800,"Census Tract 228, DeKalb County, Georgia",3997,334,3326,298,2761,344,821,110,470,89,351,89,581,91,1093,220,1029,213,19,30,45,54,71,53,33,32,47,43,0,13,0,13,80,89,35,32,0,13,0,13,21,25,0,13,14,21,565,143,483,104,193,84,165,74,28,39,290,88,258,88,32,28,82,66,45,55,0,13,22,24,0,13,15,23,671,190
1400000US13089022900,13089022900,"Census Tract 229, DeKalb County, Georgia",3463,386,3432,385,2401,401,787,116,399,86,388,109,498,89,650,190,642,191,8,14,0,13,187,134,26,29,55,45,14,21,0,13,86,77,98,47,0,13,13,19,49,36,0,13,36,35,1031,232,788,155,351,115,252,107,99,54,437,109,361,104,76,42,243,135,0,13,121,118,122,47,0,13,0,13,31,23
1400000US13089023000,13089023000,"Census Tract 230, DeKalb County, Georgia",2019,168,2019,168,1539,190,481,64,252,69,229,71,308,71,638,112,514,134,124,95,0,13,6,10,16,26,27,31,0,13,0,13,0,13,63,50,11,18,34,48,18,23,0,13,0,13,480,108,444,95,159,66,148,65,11,14,285,91,266,93,19,28,36,37,9,17,7,11,20,28,0,13,0,13,0,13
1400000US13089023101,13089023101,"Census Tract 231.01, DeKalb County, Georgia",3753,491,3747,491,2949,515,884,158,352,124,532,101,413,122,952,208,916,201,11,18,25,28,351,129,70,64,0,13,0,13,0,13,218,129,61,50,0,13,16,25,29,24,0,13,16,25,798,199,651,143,288,101,221,85,67,59,363,106,309,100,54,41,147,88,28,45,51,50,52,46,0,13,16,25,6,6
1400000US13089023102,13089023102,"Census Tract 231.02, DeKalb County, Georgia",3110,268,3089,267,2264,290,738,99,275,73,463,98,394,81,960,208,905,201,44,45,11,16,38,44,60,46,60,47,0,13,0,13,14,23,0,13,0,13,0,13,0,13,0,13,0,13,825,157,644,110,330,102,248,96,82,53,314,90,244,91,70,49,181,86,30,35,31,50,120,59,0,13,0,13,21,13
1400000US13089023107,13089023107,"Census Tract 231.07, DeKalb County, Georgia",3721,604,3716,605,3017,653,885,153,261,91,624,143,450,129,1184,414,1160,419,0,13,24,30,80,50,138,112,75,67,0,13,0,13,73,72,132,118,0,13,51,46,26,31,0,13,55,81,699,158,620,135,338,110,309,110,29,27,282,77,250,77,32,29,79,59,0,13,29,32,39,29,0,13,11,18,5,5
1400000US13089023108,13089023108,"Census Tract 231.08, DeKalb County, Georgia",4950,657,4945,658,4391,682,1134,139,412,123,722,149,381,117,1951,432,1876,414,30,48,45,51,253,118,211,161,109,96,0,13,12,19,87,63,253,135,42,59,46,75,105,79,0,13,60,64,554,147,502,106,195,89,165,80,30,48,307,80,299,83,8,15,52,72,0,13,43,70,9,15,0,13,0,13,5,4
1400000US13089023111,13089023111,"Census Tract 231.11, DeKalb County, Georgia",1620,250,1618,250,1495,263,423,60,205,71,218,64,275,56,655,222,655,222,0,13,0,13,14,25,32,37,0,13,0,13,0,13,41,42,55,67,24,40,0,13,0,13,0,13,31,45,123,60,123,60,66,55,66,55,0,13,57,45,57,45,0,13,0,13,0,13,0,13,0,13,0,13,0,13,2,2
1400000US13089023112,13089023112,"Census Tract 231.12, DeKalb County, Georgia",4445,596,4445,596,3439,655,939,189,345,135,594,173,229,76,1593,402,1468,413,0,13,125,102,134,113,69,66,115,102,0,13,36,43,105,95,219,116,18,29,0,13,164,101,0,13,37,62,1006,263,872,193,537,160,463,148,74,58,335,128,335,128,0,13,134,124,15,24,0,13,54,51,0,13,65,82,0,13
1400000US13089023113,13089023113,"Census Tract 231.13, DeKalb County, Georgia",3700,538,3650,535,2825,597,933,162,432,159,501,145,398,139,1004,253,958,239,0,13,46,71,51,47,42,53,8,13,0,13,0,13,244,257,145,142,0,13,0,13,101,86,0,13,44,67,825,209,650,151,337,119,218,108,119,83,313,118,294,118,19,22,175,109,14,23,36,41,72,62,0,13,53,82,50,34
1400000US13089023114,13089023114,"Census Tract 231.14, DeKalb County, Georgia",2394,289,2381,288,2099,323,606,85,271,98,335,117,395,92,779,255,738,248,18,28,23,34,203,123,0,13,29,49,0,13,13,24,70,85,4,7,0,13,4,7,0,13,0,13,0,13,282,92,247,89,73,49,68,49,5,15,174,87,162,92,12,19,35,51,0,13,21,33,5,11,0,13,9,17,13,8
1400000US13089023115,13089023115,"Census Tract 231.15, DeKalb County, Georgia",3470,505,0,13,0,13,0,13,0,13,0,13,0,13,0,13,0,13,0,13,0,13,0,13,0,13,0,13,0,13,0,13,0,13,0,13,0,13,0,13,0,13,0,13,0,13,0,13,0,13,0,13,0,13,0,13,0,13,0,13,0,13,0,13,0,13,0,13,0,13,0,13,0,13,3470,505
1400000US13089023204,13089023204,"Census Tract 232.04, DeKalb County, Georgia",7539,777,7510,780,6788,897,1688,165,596,147,1092,188,915,153,2753,497,2513,478,100,96,140,152,536,312,129,99,185,125,36,64,34,54,388,212,124,77,0,19,58,41,23,30,0,19,43,54,722,187,684,181,364,161,355,160,9,14,320,90,290,90,30,33,38,37,0,19,0,19,38,37,0,19,0,19,29,13
1400000US13089023206,13089023206,"Census Tract 232.06, DeKalb County, Georgia",7545,782,7534,782,6356,902,1659,195,707,155,952,158,818,179,2743,619,2505,587,181,191,57,52,330,153,157,108,74,73,93,88,25,38,289,157,168,103,0,19,55,68,87,74,0,19,26,41,1178,295,950,214,393,151,370,147,23,26,557,154,474,147,83,69,228,169,0,19,189,151,16,28,0,19,23,40,11,8
1400000US13089023208,13089023208,"Census Tract 232.08, DeKalb County, Georgia",6322,585,6310,584,5756,627,1610,168,701,165,909,162,827,174,2271,324,1940,308,60,92,271,177,185,123,263,167,62,52,46,43,62,94,142,109,288,175,52,83,125,125,88,57,0,19,23,68,554,158,485,139,167,90,153,90,14,21,318,114,283,109,35,34,69,53,0,19,17,26,12,21,0,19,40,44,12,12
1400000US13089023209,13089023209,"Census Tract 232.09, DeKalb County, Georgia",5383,545,5372,544,4973,587,1365,140,676,137,689,137,762,108,2203,400,2037,431,56,63,110,66,171,98,112,76,70,56,0,19,12,19,95,99,183,94,0,19,11,17,91,79,28,40,53,80,399,109,354,90,112,53,103,50,9,14,242,84,213,79,29,28,45,40,0,19,19,29,26,24,0,19,0,19,11,6
1400000US13089023210,13089023210,"Census Tract 232.10, DeKalb County, Georgia",7135,799,7105,801,6042,845,1610,197,526,156,1084,208,686,178,2720,508,2524,491,156,208,40,50,279,184,144,143,121,102,0,19,0,19,196,142,286,204,0,19,0,19,147,100,0,19,139,163,1063,286,852,205,289,137,207,121,82,90,563,194,497,189,66,64,211,154,0,19,191,153,20,36,0,19,0,19,30,12
1400000US13089023211,13089023211,"Census Tract 232.11, DeKalb County, Georgia",3140,404,3137,404,2803,442,769,110,446,133,323,109,373,97,995,278,995,278,0,13,0,13,78,72,287,174,80,62,0,13,18,29,134,130,69,64,0,13,0,13,13,22,15,27,41,47,334,104,334,104,165,86,165,86,0,13,169,75,169,75,0,13,0,13,0,13,0,13,0,13,0,13,0,13,3,4
1400000US13089023212,13089023212,"Census Tract 232.12, DeKalb County, Georgia",3721,478,3714,477,3381,492,860,107,359,110,501,119,538,105,1395,321,1242,305,50,44,103,89,178,112,116,91,65,45,0,13,0,13,123,81,106,62,18,30,0,13,59,46,0,13,29,42,333,101,333,101,198,83,198,83,0,13,135,62,135,62,0,13,0,13,0,13,0,13,0,13,0,13,0,13,7,5
1400000US13089023213,13089023213,"Census Tract 232.13, DeKalb County, Georgia",5744,651,5707,650,5005,711,1290,173,482,175,808,199,746,170,1959,402,1881,386,50,58,28,39,245,141,121,99,236,164,0,19,9,17,365,364,34,40,0,19,0,19,34,40,0,19,0,19,702,210,609,184,241,156,190,149,51,43,368,140,355,140,13,20,93,79,14,23,47,52,32,32,0,19,0,19,37,31
1400000US13089023214,13089023214,"Census Tract 232.14, DeKalb County, Georgia",4735,892,4735,892,3715,945,1030,207,463,173,567,115,428,147,1480,339,1397,319,0,13,83,88,30,35,268,237,31,35,0,13,0,13,325,347,123,94,0,13,0,13,68,63,0,13,55,81,1020,262,830,166,277,115,194,100,83,79,553,128,529,128,24,30,190,152,55,65,87,98,32,54,16,32,0,13,0,13
1400000US13089023303,13089023303,"Census Tract 233.03, DeKalb County, Georgia",6640,667,6617,667,5945,716,1620,139,527,134,1093,146,757,151,2711,471,2645,470,7,11,59,50,188,85,160,108,80,63,0,19,25,35,170,110,234,178,22,34,92,122,79,70,23,25,18,17,672,130,617,117,274,93,256,95,18,17,343,93,329,94,14,18,55,46,32,43,16,18,7,11,0,19,0,19,23,15
1400000US13089023306,13089023306,"Census Tract 233.06, DeKalb County, Georgia",7559,759,7551,758,6639,776,1734,175,867,206,867,196,957,183,2890,426,2762,473,118,122,10,16,255,166,80,75,122,89,15,22,33,52,199,128,354,416,11,20,0,19,92,81,10,17,241,346,912,329,658,169,407,158,366,159,41,37,251,114,183,102,68,71,254,258,0,19,154,241,64,44,0,19,36,57,8,8
1400000US13089023309,13089023309,"Census Tract 233.09, DeKalb County, Georgia",10569,1030,10560,1030,9409,1111,2578,252,870,218,1708,269,824,234,4147,587,3992,590,101,88,54,58,455,245,416,176,225,198,20,31,61,70,288,169,395,250,39,61,16,24,54,41,0,21,286,238,1151,313,925,228,302,131,271,130,31,35,623,182,497,161,126,101,226,150,19,29,181,146,26,43,0,21,0,21,9,4
1400000US13089023310,13089023310,"Census Tract 233.10, DeKalb County, Georgia",8673,921,8501,906,6449,994,1815,244,594,204,1221,219,640,216,3248,623,3083,608,165,188,0,19,109,97,217,144,149,136,0,19,0,19,143,162,128,95,0,19,0,19,114,96,14,28,0,19,2052,307,1858,255,816,202,765,204,51,59,1042,216,949,205,93,89,194,110,24,39,73,91,80,95,0,19,17,30,172,99
1400000US13089023311,13089023311,"Census Tract 233.11, DeKalb County, Georgia",4466,714,4461,714,4115,755,1037,146,347,101,690,158,559,111,2075,702,1981,714,28,34,66,84,71,60,111,92,27,40,8,13,0,13,138,123,89,108,0,13,0,13,0,13,24,39,65,102,346,171,292,138,109,66,84,61,25,35,183,110,167,109,16,25,54,57,37,53,0,13,17,26,0,13,0,13,5,6
1400000US13089023312,13089023312,"Census Tract 233.12, DeKalb County, Georgia",9706,861,9689,861,8832,874,2382,237,1128,218,1254,227,1532,206,3827,528,3604,527,59,60,164,111,337,187,167,127,242,192,0,19,19,31,124,97,202,138,20,32,0,19,96,78,86,100,0,19,857,222,741,172,238,106,224,102,14,22,503,153,440,160,63,86,116,131,0,19,0,19,26,29,0,19,90,124,17,12
1400000US13089023313,13089023313,"Census Tract 233.13, DeKalb County, Georgia",4394,533,4386,533,3667,587,1056,150,394,122,662,167,518,124,1572,366,1473,380,13,26,86,66,127,91,141,97,38,45,0,13,11,18,204,136,0,13,0,13,0,13,0,13,0,13,0,13,719,300,462,142,193,91,96,68,97,62,269,114,269,114,0,13,257,225,0,13,99,158,76,55,0,13,82,127,8,10
1400000US13089023314,13089023314,"Census Tract 233.14, DeKalb County, Georgia",5363,621,5347,621,4563,675,1324,168,514,151,810,181,646,178,1703,399,1681,396,0,19,22,37,162,114,229,142,44,59,0,19,0,19,355,267,100,96,0,19,0,19,58,72,0,19,42,67,784,184,698,169,339,134,306,133,33,39,359,132,330,134,29,33,86,70,23,36,51,59,0,19,0,19,12,19,16,10
1400000US13089023315,13089023315,"Census Tract 233.15, DeKalb County, Georgia",5211,481,5190,483,4744,554,1328,150,428,139,900,173,868,171,2078,357,1944,372,64,57,70,59,162,178,93,77,44,44,0,19,24,37,76,69,71,67,0,19,21,38,9,16,16,27,25,42,446,161,424,162,118,73,118,73,0,19,306,138,292,143,14,26,22,39,0,19,22,39,0,19,0,19,0,19,21,28
1400000US13089023316,13089023316,"Census Tract 233.16, DeKalb County, Georgia",8234,636,8221,636,7350,797,2096,232,932,245,1164,253,1287,273,3016,456,2893,445,76,86,47,48,165,147,320,278,126,109,41,48,16,26,182,157,101,88,0,19,0,19,89,83,12,22,0,19,871,239,871,239,404,216,404,216,0,19,467,169,467,169,0,19,0,19,0,19,0,19,0,19,0,19,0,19,13,5
1400000US13089023410,13089023410,"Census Tract 234.10, DeKalb County, Georgia",3377,493,3368,494,2561,476,784,118,201,82,583,100,205,80,1148,295,1091,286,11,16,46,60,188,104,69,43,45,42,0,13,0,13,52,38,70,59,0,13,0,13,70,59,0,13,0,13,807,211,622,112,309,100,236,76,73,59,313,92,294,95,19,22,185,142,15,26,64,100,15,17,0,13,91,104,9,11
1400000US13089023411,13089023411,"Census Tract 234.11, DeKalb County, Georgia",4114,457,4112,457,3691,497,983,109,355,85,628,124,562,108,1454,372,1201,255,69,61,184,227,321,140,74,57,87,92,13,20,11,17,110,127,76,63,7,13,13,21,38,48,18,29,0,13,421,149,347,97,111,69,62,49,49,51,236,79,236,79,0,13,74,81,51,77,12,19,11,17,0,13,0,13,2,3
1400000US13089023412,13089023412,"Census Tract 234.12, DeKalb County, Georgia",6462,895,6438,896,5408,960,1325,182,568,182,757,159,663,136,1899,478,1686,434,62,55,151,218,235,135,293,169,205,122,37,45,20,32,360,451,371,302,43,49,188,271,52,61,0,19,88,108,1030,294,853,203,363,138,287,126,76,72,490,149,453,146,37,43,177,132,79,72,59,94,39,45,0,19,0,19,24,26
1400000US13089023413,13089023413,"Census Tract 234.13, DeKalb County, Georgia",3558,377,3545,378,2987,419,886,108,504,116,382,100,596,100,1130,266,893,244,47,63,190,157,156,114,21,32,69,60,27,36,27,31,48,56,27,32,13,23,0,13,14,23,0,13,0,13,558,142,453,109,115,75,96,70,19,29,338,95,282,93,56,39,105,67,56,49,0,13,0,13,7,12,42,46,13,7
1400000US13089023414,13089023414,"Census Tract 234.14, DeKalb County, Georgia",6832,878,6814,878,5994,1039,1568,247,775,229,793,221,1025,246,2703,709,2604,698,58,52,41,70,331,190,166,122,104,76,0,19,0,19,74,64,23,27,0,19,0,19,12,20,11,16,0,19,820,296,721,217,228,145,161,99,67,98,493,176,467,175,26,29,99,114,21,33,0,19,78,94,0,19,0,19,18,10
1400000US13089023416,13089023416,"Census Tract 234.16, DeKalb County, Georgia",7115,561,7098,561,6285,617,1723,174,903,172,820,167,990,144,2721,420,2448,433,74,61,199,133,317,139,124,89,137,108,34,58,0,19,139,95,100,76,0,19,0,19,82,70,0,19,18,29,813,210,687,158,164,91,155,89,9,15,523,146,457,137,66,55,126,102,42,66,55,82,29,30,0,19,0,19,17,8
1400000US13089023418,13089023418,"Census Tract 234.18, DeKalb County, Georgia",16101,1197,16087,1199,13495,1228,3913,351,1310,327,2603,409,2030,311,6259,878,5934,850,67,75,258,191,320,176,98,97,132,101,48,55,100,105,366,213,229,181,28,46,83,104,47,55,0,21,71,120,2592,539,2190,396,948,335,761,302,187,209,1242,261,1076,250,166,112,402,235,0,21,98,103,281,218,0,21,23,38,14,7
1400000US13089023419,13089023419,"Census Tract 234.19, DeKalb County, Georgia",9331,683,9312,682,8676,684,2350,173,1034,204,1316,231,1546,182,3656,474,3531,490,11,19,114,84,334,173,39,44,149,91,47,55,0,19,283,183,272,234,82,102,22,38,75,98,0,19,93,98,636,168,565,139,189,97,150,87,39,44,376,115,352,111,24,28,71,58,0,19,25,37,46,45,0,19,0,19,19,10
1400000US13089023421,13089023421,"Census Tract 234.21, DeKalb County, Georgia",9196,717,9051,705,7397,915,2054,265,550,192,1504,290,654,181,3538,648,3420,652,0,19,118,136,369,216,250,143,205,169,0,19,34,54,141,115,152,121,0,19,0,19,36,36,58,86,58,72,1654,480,1134,286,416,208,223,151,193,133,718,246,436,138,282,222,520,238,113,134,24,41,383,214,0,19,0,19,145,72
1400000US13089023422,13089023422,"Census Tract 234.22, DeKalb County, Georgia",4790,670,4783,670,4281,720,1207,184,586,160,621,149,617,176,1724,412,1629,405,15,24,80,67,222,113,184,121,25,45,0,13,54,64,88,78,160,132,0,13,0,13,78,64,0,13,82,117,502,196,459,184,68,52,57,47,11,18,391,183,369,187,22,36,43,57,0,13,33,54,10,16,0,13,0,13,7,4
1400000US13089023423,13089023423,"Census Tract 234.23, DeKalb County, Georgia",8558,650,8316,648,7019,747,2041,231,1048,229,993,200,1221,201,2915,472,2770,499,28,40,117,108,455,203,183,125,60,61,15,24,7,14,66,71,56,75,0,19,0,19,31,38,0,19,25,41,1297,373,1042,244,507,205,441,186,66,72,535,173,466,163,69,72,255,214,29,46,45,43,62,67,0,19,119,144,242,91
1400000US13089023424,13089023424,"Census Tract 234.24, DeKalb County, Georgia",5888,568,5886,568,5540,620,1362,139,658,184,704,191,821,148,2239,383,2157,377,0,19,82,80,497,305,176,164,51,47,0,19,19,32,85,76,290,205,119,146,0,19,33,34,34,59,104,103,346,152,300,125,158,82,115,67,43,47,142,86,142,86,0,19,46,49,11,23,0,19,35,43,0,19,0,19,2,3
1400000US13089023425,13089023425,"Census Tract 234.25, DeKalb County, Georgia",5213,721,5208,722,4647,779,1412,222,573,163,839,183,629,170,1671,362,1644,361,9,19,18,31,235,203,157,101,163,127,21,37,25,34,212,122,122,97,0,19,0,19,66,49,0,19,56,83,561,215,449,156,173,107,173,107,0,19,276,125,214,116,62,59,112,107,29,44,83,103,0,19,0,19,0,19,5,6
1400000US13089023426,13089023426,"Census Tract 234.26, DeKalb County, Georgia",4502,521,4496,521,3884,560,1018,151,456,130,562,130,643,157,1704,332,1403,313,0,13,301,176,103,66,71,62,99,108,0,13,0,13,127,189,119,113,0,13,0,13,43,41,0,13,76,109,612,214,457,126,250,115,160,89,90,79,207,87,175,72,32,45,155,117,0,13,0,13,33,46,0,13,122,110,6,8
1400000US13089023427,13089023427,"Census Tract 234.27, DeKalb County, Georgia",2847,337,2844,337,2512,344,808,73,303,96,505,105,354,89,1109,223,1086,219,23,32,0,13,103,88,0,13,12,20,0,13,0,13,0,13,126,92,0,13,18,28,108,84,0,13,0,13,332,163,252,75,104,67,77,59,27,42,148,65,148,65,0,13,80,128,80,128,0,13,0,13,0,13,0,13,3,3
1400000US13089023428,13089023428,"Census Tract 234.28, DeKalb County, Georgia",9407,729,9400,729,7576,817,2140,229,444,144,1696,260,537,169,3979,571,3878,573,33,40,68,70,237,147,165,122,53,49,20,33,0,19,161,142,284,200,0,19,49,80,175,134,0,19,60,95,1824,316,1562,245,662,179,589,176,73,83,900,214,806,203,94,77,262,159,0,19,109,125,87,81,0,19,66,102,7,5
1400000US13089023501,13089023501,"Census Tract 235.01, DeKalb County, Georgia",3825,661,3794,662,3340,689,861,131,254,100,607,139,311,100,1232,385,1184,382,16,25,32,55,330,227,134,87,29,27,0,13,47,53,244,129,152,123,0,13,44,69,68,61,0,13,40,53,454,208,317,109,108,62,69,47,39,42,209,79,157,66,52,38,137,122,62,97,12,19,63,42,0,13,0,13,31,46
1400000US13089023504,13089023504,"Census Tract 235.04, DeKalb County, Georgia",3323,456,3321,456,2643,523,691,130,250,93,441,106,230,71,893,276,854,264,9,14,30,46,294,148,124,87,124,84,0,13,7,13,202,113,78,47,0,13,0,13,66,45,0,13,12,21,678,195,544,130,221,102,171,82,50,52,323,111,292,98,31,40,134,93,50,47,0,13,0,13,0,13,84,84,2,2
1400000US13089023505,13089023505,"Census Tract 235.05, DeKalb County, Georgia",2405,312,2400,313,1979,346,551,88,228,70,323,86,269,79,692,256,666,239,26,57,0,13,145,63,82,61,84,53,0,13,0,13,101,89,55,55,29,49,0,13,0,13,0,13,26,31,421,111,379,93,98,57,98,57,0,13,281,84,254,82,27,29,42,45,25,37,17,24,0,13,0,13,0,13,5,6
1400000US13089023506,13089023506,"Census Tract 235.06, DeKalb County, Georgia",5953,719,5607,709,4737,811,1254,186,480,112,774,197,737,162,2066,531,1963,526,36,40,67,63,244,172,117,104,76,58,0,19,75,79,36,52,132,87,21,28,0,19,22,29,15,24,74,64,870,281,772,236,257,143,240,139,17,27,515,186,476,175,39,46,98,95,0,19,58,67,0,19,0,19,40,64,346,169
1400000US13089023507,13089023507,"Census Tract 235.07, DeKalb County, Georgia",4768,608,4766,608,4199,669,1088,129,329,98,759,148,514,134,1782,462,1730,469,52,63,0,13,428,169,42,40,80,52,0,13,83,78,56,65,126,62,0,13,8,15,105,67,0,13,13,19,567,146,515,126,294,108,284,107,10,15,221,75,190,71,31,28,52,40,0,13,29,32,11,18,0,13,12,19,2,3
1400000US13089023601,13089023601,"Census Tract 236.01, DeKalb County, Georgia",2678,370,2673,371,2155,394,619,105,274,99,345,108,305,79,728,282,719,278,3,7,6,10,28,35,79,57,59,54,0,13,0,13,271,208,66,46,11,18,7,12,21,25,0,13,27,34,518,182,366,100,225,102,174,95,51,45,141,56,122,52,19,22,152,123,0,13,87,115,26,24,0,13,39,35,5,5
1400000US13089023602,13089023602,"Census Tract 236.02, DeKalb County, Georgia",2228,429,2228,429,1978,443,575,99,211,78,364,106,311,96,713,283,660,272,14,23,39,47,128,69,82,61,22,25,0,13,0,13,30,27,117,66,34,49,10,17,51,46,0,13,22,26,250,85,210,72,53,42,48,42,5,8,157,62,140,58,17,17,40,28,0,13,28,30,12,20,0,13,0,13,0,13
1400000US13089023603,13089023603,"Census Tract 236.03, DeKalb County, Georgia",2997,422,2940,424,2325,493,692,123,247,92,445,110,345,112,921,281,899,281,6,11,16,27,164,75,170,143,16,17,0,13,0,13,10,19,7,12,0,13,0,13,7,12,0,13,0,13,615,153,554,129,281,94,246,87,35,42,273,94,247,90,26,26,61,49,0,13,11,20,41,43,9,15,0,13,57,28
1400000US13089023700,13089023700,"Census Tract 237, DeKalb County, Georgia",5236,814,5224,815,4189,842,1167,216,418,148,749,195,414,126,1662,470,1536,463,110,84,16,25,347,230,151,125,24,37,0,19,0,19,185,115,239,148,62,91,40,65,78,71,0,19,59,95,1035,244,899,199,480,156,390,142,90,61,419,141,392,137,27,24,136,82,43,65,0,19,76,52,0,19,17,28,12,11
1400000US13089023801,13089023801,"Census Tract 238.01, DeKalb County, Georgia",3659,504,3654,505,2580,504,702,120,375,106,327,100,482,101,775,267,775,267,0,13,0,13,323,214,106,96,80,61,0,13,32,38,80,73,0,13,0,13,0,13,0,13,0,13,0,13,1074,245,729,131,410,110,242,93,168,79,319,87,273,82,46,26,345,167,31,46,200,151,104,54,0,13,10,14,5,8
1400000US13089023802,13089023802,"Census Tract 238.02, DeKalb County, Georgia",4615,749,2933,377,2451,414,774,128,271,91,503,116,289,79,1019,231,944,221,42,67,33,55,85,65,86,70,12,21,0,13,16,21,128,134,42,53,0,13,0,13,12,22,0,13,30,48,482,158,444,149,176,107,170,107,6,11,268,115,240,109,28,29,38,30,0,13,9,16,29,27,0,13,0,13,1682,638
1400000US13089023803,13089023803,"Census Tract 238.03, DeKalb County, Georgia",5776,516,5768,514,4990,534,1337,128,710,145,627,111,669,143,1835,316,1789,312,12,17,34,37,418,152,135,94,103,88,23,35,18,28,340,213,112,88,30,49,0,19,9,14,0,19,73,71,778,172,590,112,234,87,188,83,46,32,356,88,293,80,63,47,188,109,0,19,132,101,41,42,0,19,15,23,8,8
1400000US13089980000,13089980000,"Census Tract 9800, DeKalb County, Georgia",0,13,0,13,0,13,0,13,0,13,0,13,0,13,0,13,0,13,0,13,0,13,0,13,0,13,0,13,0,13,0,13,0,13,0,13,0,13,0,13,0,13,0,13,0,13,0,13,0,13,0,13,0,13,0,13,0,13,0,13,0,13,0,13,0,13,0,13,0,13,0,13,0,13,0,13
1400000US13091960100,13091960100,"Census Tract 9601, Dodge County, Georgia",3823,440,2253,352,2027,383,689,119,422,124,267,85,599,112,628,206,534,192,64,73,30,26,75,58,10,14,0,13,0,13,0,13,11,10,15,15,0,13,0,13,2,5,0,13,13,14,226,82,194,68,85,47,80,46,5,8,109,45,87,39,22,21,32,28,0,13,1,2,20,23,0,13,11,12,1570,382
1400000US13091960200,13091960200,"Census Tract 9602, Dodge County, Georgia",3681,454,3548,446,3012,442,1014,161,457,147,557,142,600,160,1073,262,1005,249,24,39,44,79,151,104,68,71,49,55,0,13,0,13,40,43,17,32,0,13,17,32,0,13,0,13,0,13,536,206,465,187,331,181,284,170,47,59,134,61,116,56,18,29,71,67,0,13,0,13,57,60,0,13,14,23,133,59
1400000US13091960300,13091960300,"Census Tract 9603, Dodge County, Georgia",6396,566,6272,544,5008,634,1620,235,729,189,891,185,1066,202,1516,307,1238,241,84,55,194,149,373,229,140,103,102,109,0,19,18,25,126,118,47,45,22,38,0,19,13,21,0,19,12,18,1264,361,1049,242,372,137,354,135,18,25,677,173,580,156,97,102,215,191,0,19,122,175,52,65,0,19,41,62,124,107
1400000US13091960400,13091960400,"Census Tract 9604, Dodge County, Georgia",3782,452,3378,361,2721,389,979,140,488,117,491,109,574,117,902,213,835,202,0,13,67,63,57,73,9,12,33,28,10,17,0,13,75,59,82,72,0,13,0,13,79,70,0,13,3,7,657,153,591,140,296,121,228,111,68,53,295,96,295,96,0,13,66,51,0,13,32,38,29,39,0,13,5,12,404,189
1400000US13091960500,13091960500,"Census Tract 9605, Dodge County, Georgia",1930,237,1908,236,1689,237,629,93,370,100,259,84,420,83,562,126,504,120,3,6,55,51,21,28,7,9,6,8,3,5,0,13,18,15,23,24,0,13,4,7,12,18,0,13,7,12,219,71,207,69,127,50,123,49,4,7,80,46,76,45,4,7,12,13,8,11,0,13,4,6,0,13,0,13,22,29
1400000US13091960600,13091960600,"Census Tract 9606, Dodge County, Georgia",1897,269,1890,272,1650,293,534,82,326,83,208,66,440,80,574,194,534,196,6,15,34,43,25,24,5,14,11,14,3,5,9,15,0,13,49,41,0,13,34,40,0,13,0,13,15,21,240,79,227,77,113,59,107,59,6,8,114,50,114,50,0,13,13,15,0,13,0,13,13,15,0,13,0,13,7,11
1400000US13093970100,13093970100,"Census Tract 9701, Dooly County, Georgia",5883,303,4064,890,3486,763,1144,233,489,149,655,169,843,220,1212,324,1111,317,50,50,51,59,119,83,58,57,6,11,0,19,0,19,88,62,16,21,0,19,3,5,0,19,0,19,13,21,578,190,510,172,237,111,224,106,13,18,273,103,251,103,22,25,68,60,0,19,16,23,24,24,0,19,28,40,1819,811
1400000US13093970200,13093970200,"Census Tract 9702, Dooly County, Georgia",2178,313,2109,320,1814,327,518,106,235,84,283,85,253,77,771,192,763,191,0,13,8,13,90,76,27,41,3,5,0,13,0,13,115,94,37,53,0,13,0,13,22,38,0,13,15,35,295,99,245,73,135,60,105,52,30,30,110,40,97,38,13,15,50,45,0,13,30,41,20,20,0,13,0,13,69,49
1400000US13093970300,13093970300,"Census Tract 9703, Dooly County, Georgia",6467,371,6454,373,5333,447,1594,196,1036,215,558,127,1115,198,1794,254,1505,284,61,88,228,139,232,133,0,19,104,93,93,81,36,39,231,156,134,71,0,19,0,19,116,67,0,19,18,28,1121,232,983,204,392,161,347,153,45,46,591,142,537,151,54,50,138,89,0,19,0,19,117,78,0,19,21,28,13,11
1400000US13095000100,13095000100,"Census Tract 1, Dougherty County, Georgia",5484,728,5466,725,4443,744,1268,170,491,161,777,142,543,152,2028,477,1869,371,39,62,120,157,215,146,3,5,56,72,21,35,0,19,91,77,218,115,0,19,20,31,123,87,32,49,43,48,1023,240,894,199,420,147,388,146,32,36,474,145,395,127,79,75,129,100,13,21,53,63,13,22,0,19,50,75,18,23
1400000US13095000200,13095000200,"Census Tract 2, Dougherty County, Georgia",3574,602,3514,599,3103,639,826,145,220,102,606,135,228,97,1370,422,1353,420,0,13,17,30,298,207,50,62,0,13,13,19,21,34,164,115,133,93,20,35,46,58,67,63,0,13,0,13,411,111,368,98,182,80,169,81,13,18,186,76,162,70,24,28,43,39,0,13,31,34,12,18,0,13,0,13,60,54
1400000US13095000400,13095000400,"Census Tract 4, Dougherty County, Georgia",5879,652,5879,652,4428,648,1410,191,804,160,606,178,778,142,1738,407,1738,407,0,19,0,19,31,35,14,24,37,42,20,34,0,19,234,136,166,86,19,32,56,66,91,68,0,19,0,19,1451,276,1241,194,395,170,298,135,97,97,846,180,741,158,105,82,210,127,96,101,38,41,45,56,0,19,31,45,0,19
1400000US13095000501,13095000501,"Census Tract 5.01, Dougherty County, Georgia",4966,529,4966,529,3273,642,1015,177,436,125,579,144,672,169,1298,382,1208,357,29,49,61,65,85,69,59,67,51,49,0,13,45,50,13,24,35,45,0,13,0,13,35,45,0,13,0,13,1693,346,1323,166,796,148,651,145,145,97,527,140,508,136,19,25,370,263,56,64,59,68,82,71,0,13,173,179,0,13
1400000US13095000502,13095000502,"Census Tract 5.02, Dougherty County, Georgia",4511,336,4505,335,3853,383,1293,133,834,151,459,128,1003,135,1199,225,1153,228,10,18,36,41,96,72,89,53,88,64,9,17,0,13,76,89,0,13,0,13,0,13,0,13,0,13,0,13,652,133,589,118,159,81,159,81,0,13,430,100,360,105,70,68,63,59,0,13,0,13,63,59,0,13,0,13,6,7
1400000US13095000600,13095000600,"Census Tract 6, Dougherty County, Georgia",2545,268,2542,268,1832,280,631,93,278,72,353,82,409,91,525,132,454,130,18,30,53,45,150,120,0,13,13,20,0,13,0,13,0,13,104,53,0,13,0,13,93,49,0,13,11,18,710,145,582,126,220,82,145,73,75,48,362,102,337,102,25,19,128,69,16,31,22,23,90,60,0,13,0,13,3,3
1400000US13095000700,13095000700,"Census Tract 7, Dougherty County, Georgia",1895,307,1892,308,1388,365,381,71,103,38,278,68,200,62,537,173,500,171,10,11,27,33,41,44,76,77,20,22,12,18,0,13,44,32,77,48,0,13,0,13,57,43,0,13,20,30,504,113,440,91,186,77,136,60,50,44,254,74,237,70,17,20,64,46,0,13,19,19,45,41,0,13,0,13,3,4
1400000US13095000800,13095000800,"Census Tract 8, Dougherty County, Georgia",1598,273,1500,257,1114,256,326,60,73,47,253,57,36,28,446,122,446,122,0,13,0,13,79,69,0,13,33,32,0,13,0,13,146,78,48,34,0,13,15,22,25,23,0,13,8,13,386,100,372,98,209,84,195,84,14,20,163,70,163,70,0,13,14,20,0,13,0,13,0,13,0,13,14,20,98,60
1400000US13095000900,13095000900,"Census Tract 9, Dougherty County, Georgia",2039,264,2010,262,1581,306,499,94,127,45,372,84,189,51,695,183,692,183,3,6,0,13,49,38,56,54,15,23,0,13,0,13,26,25,52,39,0,13,0,13,28,31,0,13,24,26,429,114,377,86,144,73,138,73,6,11,233,73,198,64,35,39,52,52,0,13,27,42,25,30,0,13,0,13,29,18
1400000US13095001000,13095001000,"Census Tract 10, Dougherty County, Georgia",2078,257,1957,220,1457,245,441,80,75,41,366,87,160,67,489,130,444,116,7,17,38,54,102,73,89,87,26,22,17,25,0,13,119,63,14,20,0,13,14,20,0,13,0,13,0,13,500,159,383,104,211,85,170,80,41,42,172,84,120,57,52,60,117,87,0,13,98,84,4,9,0,13,15,25,121,140
1400000US13095001100,13095001100,"Census Tract 11, Dougherty County, Georgia",6721,750,6714,750,5873,807,1688,207,592,135,1096,225,530,150,2136,503,1924,506,123,156,89,145,535,269,215,166,142,90,0,19,0,19,289,259,338,185,0,19,0,19,227,136,0,19,111,123,841,236,683,174,235,122,193,118,42,51,448,147,373,126,75,89,158,136,0,19,10,21,116,94,0,19,32,69,7,7
1400000US13095001403,13095001403,"Census Tract 14.03, Dougherty County, Georgia",2754,389,2750,390,2138,516,698,158,215,94,483,142,210,90,876,318,861,317,0,13,15,24,87,115,54,66,84,80,8,14,16,13,98,81,7,12,0,13,0,13,7,12,0,13,0,13,612,244,498,159,166,93,120,81,46,52,332,133,330,136,2,6,114,149,0,13,37,54,16,22,0,13,61,90,4,5
1400000US13095001500,13095001500,"Census Tract 15, Dougherty County, Georgia",3282,492,3276,492,2766,538,679,123,125,74,554,114,129,70,1039,352,877,246,5,10,157,217,356,190,126,96,33,40,7,13,0,13,217,126,180,263,0,13,0,13,21,41,0,13,159,224,510,127,477,111,217,100,208,99,9,14,260,100,242,94,18,30,33,43,0,13,0,13,33,43,0,13,0,13,6,7
1400000US13095010302,13095010302,"Census Tract 103.02, Dougherty County, Georgia",5624,542,4743,496,3993,487,1112,135,356,108,756,120,386,103,1777,287,1692,288,62,62,23,25,190,90,117,82,9,13,14,22,0,19,191,114,197,113,0,19,0,19,104,83,0,19,93,67,750,203,574,141,309,117,159,82,150,94,265,104,236,95,29,45,176,96,0,19,53,61,112,78,0,19,11,18,881,186
1400000US13095010401,13095010401,"Census Tract 104.01, Dougherty County, Georgia",6656,468,6628,469,6143,506,1954,144,1421,167,533,129,1887,159,2085,295,1964,299,70,59,51,79,131,147,0,19,15,23,32,44,23,34,16,25,0,19,0,19,0,19,0,19,0,19,0,19,485,155,465,149,178,103,158,102,20,31,287,118,287,118,0,19,20,33,0,19,0,19,20,33,0,19,0,19,28,16
1400000US13095010402,13095010402,"Census Tract 104.02, Dougherty County, Georgia",3190,385,3190,385,2801,423,916,115,408,95,508,109,503,104,1130,290,1117,287,0,13,13,23,146,102,0,13,31,30,0,13,12,19,40,50,23,35,17,31,0,13,0,13,0,13,6,12,389,123,342,107,127,71,117,70,10,10,215,84,192,78,23,36,47,48,0,13,28,43,13,12,0,13,6,10,0,13
1400000US13095010403,13095010403,"Census Tract 104.03, Dougherty County, Georgia",1539,222,1539,222,1405,211,505,67,354,78,151,49,438,62,398,120,398,120,0,13,0,13,20,23,6,11,4,7,0,13,0,13,34,38,0,13,0,13,0,13,0,13,0,13,0,13,134,66,122,60,47,35,47,35,0,13,75,52,69,50,6,10,12,18,0,13,12,18,0,13,0,13,0,13,0,13
1400000US13095010500,13095010500,"Census Tract 105, Dougherty County, Georgia",2242,225,2216,227,1853,310,666,99,351,102,315,110,431,92,519,162,467,158,40,46,12,20,120,72,41,52,0,13,0,13,0,13,53,56,23,27,0,13,0,13,23,27,0,13,0,13,363,187,237,72,104,55,74,45,30,35,133,50,126,49,7,10,126,146,8,12,0,13,27,29,0,13,91,120,26,18
1400000US13095010601,13095010601,"Census Tract 106.01, Dougherty County, Georgia",2581,395,2557,393,2174,437,553,85,140,63,413,93,165,63,865,198,828,192,0,13,37,59,229,122,118,76,25,28,0,13,9,15,77,64,133,86,25,35,12,18,61,42,0,13,35,45,383,132,323,99,162,81,129,72,33,40,161,66,138,61,23,30,60,53,0,13,30,39,30,34,0,13,0,13,24,15
1400000US13095010602,13095010602,"Census Tract 106.02, Dougherty County, Georgia",4232,468,4223,466,3716,515,999,120,252,77,747,113,381,91,1464,301,1376,301,40,52,48,47,306,135,144,98,101,80,0,13,11,16,124,155,186,105,0,13,0,13,71,52,16,26,99,86,507,116,468,110,93,55,84,55,9,14,375,100,351,104,24,23,39,32,13,20,0,13,26,25,0,13,0,13,9,15
1400000US13095010700,13095010700,"Census Tract 107, Dougherty County, Georgia",6063,601,4967,568,4512,595,1204,156,447,151,757,161,543,161,1922,391,1815,386,48,58,59,66,44,36,156,117,27,34,0,19,0,19,433,307,183,155,0,19,54,76,58,70,0,19,71,78,455,146,422,137,196,85,189,85,7,10,226,103,205,98,21,18,33,24,11,17,9,15,9,14,0,19,4,8,1096,222
1400000US13095010900,13095010900,"Census Tract 109, Dougherty County, Georgia",2071,236,2069,236,1867,247,628,92,365,95,263,82,428,72,674,142,654,146,16,27,4,18,34,33,23,29,7,11,9,14,0,13,40,38,24,16,0,13,0,13,24,16,0,13,0,13,202,72,202,72,116,55,116,55,0,13,86,57,86,57,0,13,0,13,0,13,0,13,0,13,0,13,0,13,2,2
1400000US13095011000,13095011000,"Census Tract 110, Dougherty County, Georgia",2653,352,2653,352,2354,364,764,92,474,107,290,94,555,94,570,169,499,150,48,47,23,28,199,121,96,107,38,30,0,13,0,13,102,86,30,28,0,13,11,15,19,23,0,13,0,13,299,113,245,94,111,61,88,55,23,28,134,75,118,71,16,20,54,43,16,30,0,13,18,28,0,13,20,23,0,13
1400000US13095011200,13095011200,"Census Tract 112, Dougherty County, Georgia",4336,479,3609,465,2949,571,903,164,482,114,421,130,558,129,1005,317,948,302,26,32,31,33,205,108,8,12,41,38,15,23,38,34,92,82,84,69,0,13,0,13,84,69,0,13,0,13,660,214,536,152,234,91,203,88,31,28,302,128,222,103,80,84,124,94,0,13,11,17,113,94,0,13,0,13,727,234
1400000US13095011300,13095011300,"Census Tract 113, Dougherty County, Georgia",2493,293,2088,226,1576,243,600,109,305,104,295,81,288,80,511,131,499,140,12,19,0,13,67,94,40,42,20,30,12,19,0,13,26,44,12,22,0,13,0,13,0,13,12,22,0,13,512,127,441,94,142,58,130,57,12,15,299,85,256,77,43,39,71,56,0,13,39,49,24,23,0,13,8,14,405,143
1400000US13095011400,13095011400,"Census Tract 114, Dougherty County, Georgia",1613,350,1397,343,1036,376,317,124,141,112,176,68,82,39,354,168,321,145,0,13,33,38,57,51,75,53,5,15,0,13,0,13,81,77,65,69,0,13,0,13,50,58,0,13,15,22,361,138,310,104,174,83,174,83,0,13,136,60,95,41,41,50,51,60,8,14,0,13,43,58,0,13,0,13,216,71
1400000US13095011600,13095011600,"Census Tract 116, Dougherty County, Georgia",1972,323,1828,315,1659,323,584,130,485,121,99,49,478,95,432,126,273,105,0,13,159,85,68,38,0,13,34,32,6,10,0,13,15,23,42,50,0,13,0,13,0,13,0,13,42,50,169,69,144,58,53,37,47,38,6,8,91,44,84,42,7,12,25,28,0,13,0,13,8,9,17,28,0,13,144,66
1400000US13097080102,13097080102,"Census Tract 801.02, Douglas County, Georgia",7599,802,7599,802,6260,1020,1975,283,1061,319,914,239,1333,277,2316,519,2087,455,48,64,181,158,148,117,213,121,52,54,0,19,24,32,162,152,37,59,0,19,0,19,37,59,0,19,0,19,1339,370,1037,250,518,174,412,156,106,76,519,177,485,177,34,39,302,189,33,51,112,100,63,53,0,19,94,88,0,19
1400000US13097080103,13097080103,"Census Tract 801.03, Douglas County, Georgia",7635,893,7627,892,6378,1023,1831,267,917,265,914,231,930,224,2733,587,2480,546,15,24,238,218,144,108,178,157,227,169,0,19,79,60,113,92,143,117,0,19,32,53,84,98,12,21,15,24,1249,309,1103,270,820,240,698,239,122,94,283,126,283,126,0,19,146,121,35,54,89,102,22,27,0,19,0,19,8,10
1400000US13097080201,13097080201,"Census Tract 802.01, Douglas County, Georgia",6444,883,6441,883,6146,897,1638,148,1085,170,553,165,1399,172,2007,411,1865,415,75,76,67,93,361,236,108,107,46,47,0,19,97,84,352,428,138,126,20,34,31,49,9,17,0,19,78,110,295,102,269,93,130,66,114,64,16,20,139,70,139,70,0,19,26,32,0,19,0,19,18,22,0,19,8,13,3,4
1400000US13097080202,13097080202,"Census Tract 802.02, Douglas County, Georgia",9712,919,9704,918,8682,1039,2540,260,1454,253,1086,233,1747,258,3315,625,3053,551,17,28,245,198,211,152,195,106,303,178,0,19,6,13,175,148,190,147,0,19,14,23,75,68,0,19,101,139,1022,260,856,196,474,182,343,153,131,112,382,164,352,157,30,37,166,122,0,19,74,93,92,69,0,19,0,19,8,6
1400000US13097080301,13097080301,"Census Tract 803.01, Douglas County, Georgia",12053,954,12035,951,10744,993,3004,299,1092,259,1912,300,1359,243,4248,541,3858,509,174,195,216,154,580,352,320,202,211,110,11,18,43,50,272,257,696,320,0,21,55,67,357,258,0,21,284,237,1291,341,1085,249,304,124,287,127,17,31,781,223,637,197,144,100,206,145,126,127,18,29,49,48,0,21,13,20,18,14
1400000US13097080303,13097080303,"Census Tract 803.03, Douglas County, Georgia",2817,545,2794,545,2297,596,691,171,391,144,300,116,351,110,899,333,882,330,0,13,17,23,39,41,10,14,120,120,0,13,0,13,63,88,124,76,16,26,29,43,52,48,0,13,27,33,497,165,401,125,233,109,190,106,43,43,168,82,139,79,29,30,96,85,8,17,45,71,33,34,0,13,10,17,23,21
1400000US13097080304,13097080304,"Census Tract 803.04, Douglas County, Georgia",5238,683,4344,552,3331,568,1085,191,562,141,523,180,873,176,1031,286,1031,286,0,19,0,19,192,190,19,30,29,33,0,19,0,19,92,90,10,21,0,19,0,19,10,21,0,19,0,19,1013,256,898,195,145,81,145,81,0,19,753,174,698,176,55,64,115,146,0,19,94,144,0,19,0,19,21,34,894,460
1400000US13097080402,13097080402,"Census Tract 804.02, Douglas County, Georgia",7882,553,7882,553,7326,583,2275,183,1454,201,821,170,1895,214,2339,341,2130,290,66,56,143,104,142,80,18,33,192,113,82,81,18,26,101,76,264,204,0,19,77,88,91,90,0,19,96,121,556,187,454,141,226,85,179,84,47,40,228,109,203,103,25,29,102,95,0,19,0,19,65,45,0,19,37,61,0,19
1400000US13097080403,13097080403,"Census Tract 804.03, Douglas County, Georgia",5185,662,5185,662,4835,739,1382,169,649,168,733,188,1103,168,1876,566,1705,568,96,117,75,65,145,122,109,81,75,70,46,72,11,18,26,29,62,60,25,41,0,19,37,41,0,19,0,19,350,164,319,150,115,81,99,75,16,24,204,130,193,129,11,17,31,43,0,19,19,31,0,19,0,19,12,19,0,19
1400000US13097080404,13097080404,"Census Tract 804.04, Douglas County, Georgia",7778,644,7771,645,7125,651,2106,201,1169,185,937,187,1540,225,2882,409,2598,394,61,73,223,187,40,39,95,81,96,90,9,15,35,55,81,113,241,187,0,19,0,19,106,85,0,19,135,130,646,228,553,182,229,107,176,96,53,57,324,161,291,147,33,50,93,83,14,22,0,19,79,80,0,19,0,19,7,9
1400000US13097080505,13097080505,"Census Tract 805.05, Douglas County, Georgia",4214,446,4214,446,3774,477,1113,147,629,160,484,139,695,111,1334,262,1308,255,0,13,26,31,163,164,53,63,143,127,27,41,26,29,84,76,136,136,10,17,25,29,60,69,0,13,41,63,440,140,368,114,171,66,135,62,36,36,197,85,163,82,34,35,72,51,0,13,0,13,72,51,0,13,0,13,0,13
1400000US13097080506,13097080506,"Census Tract 805.06, Douglas County, Georgia",5592,647,5349,616,4783,681,1381,154,777,177,604,130,1082,169,1777,372,1683,368,53,56,41,37,102,69,69,61,91,89,0,19,9,15,15,23,257,215,23,35,0,19,73,66,46,55,115,158,566,182,497,151,340,112,302,112,38,42,157,104,157,104,0,19,69,79,0,19,48,72,0,19,0,19,21,34,243,93
1400000US13097080507,13097080507,"Census Tract 805.07, Douglas County, Georgia",3556,364,3551,363,3281,393,885,106,622,119,263,75,630,108,1299,146,1145,194,21,27,133,131,35,36,105,163,102,81,23,32,0,13,173,134,29,51,2,13,0,13,23,28,0,13,4,29,270,104,245,99,114,60,109,60,5,8,131,67,115,68,16,17,25,25,12,18,7,14,6,12,0,13,0,13,5,3
1400000US13097080508,13097080508,"Census Tract 805.08, Douglas County, Georgia",6101,694,6101,694,5276,758,1595,208,785,183,810,202,1002,179,1890,433,1852,430,0,19,38,52,124,118,88,60,78,61,0,19,42,71,388,228,69,82,0,19,0,19,69,82,0,19,0,19,825,246,666,183,160,86,120,71,40,47,506,166,417,156,89,92,159,111,0,19,14,24,90,91,0,19,55,62,0,19
1400000US13097080509,13097080509,"Census Tract 805.09, Douglas County, Georgia",4896,685,4896,685,4317,763,1273,184,849,137,424,156,968,200,1450,331,1388,317,44,67,18,27,189,192,24,28,147,198,47,55,33,53,20,34,166,145,0,13,0,13,99,88,0,13,67,88,579,272,443,152,145,88,124,83,21,33,298,127,237,98,61,91,136,156,37,58,99,143,0,13,0,13,0,13,0,13
1400000US13097080510,13097080510,"Census Tract 805.10, Douglas County, Georgia",7297,727,7297,727,6942,787,1932,174,1172,164,760,179,1407,141,2456,331,2213,320,86,62,157,110,328,241,110,80,140,121,126,118,35,52,155,149,253,240,0,19,38,55,26,31,0,19,189,239,355,188,282,133,164,113,140,109,24,37,118,60,103,63,15,24,73,96,0,19,0,19,33,37,0,19,40,64,0,19
1400000US13097080511,13097080511,"Census Tract 805.11, Douglas County, Georgia",8967,610,8934,620,8150,677,2330,195,1240,207,1090,185,1821,236,3073,400,2743,405,169,127,161,149,68,70,81,76,157,107,45,54,48,49,252,217,275,234,11,22,28,43,27,34,0,19,209,207,784,276,603,177,301,134,218,122,83,73,302,101,284,100,18,27,181,156,26,39,82,88,73,86,0,19,0,19,33,41
1400000US13097080602,13097080602,"Census Tract 806.02, Douglas County, Georgia",5345,473,5341,473,4908,514,1514,138,806,132,708,157,1080,145,1799,281,1509,241,143,150,147,150,61,42,166,195,168,144,0,19,20,31,36,27,64,51,0,19,15,24,49,47,0,19,0,19,433,136,414,128,185,86,180,85,5,11,229,90,229,90,0,19,19,35,0,19,0,19,6,11,0,19,13,24,4,4
1400000US13097080603,13097080603,"Census Tract 806.03, Douglas County, Georgia",5221,460,5215,462,4601,528,1509,217,847,160,662,218,1115,182,1576,300,1514,303,0,19,62,58,74,62,164,115,22,35,17,29,0,19,94,77,30,36,0,19,14,23,16,27,0,19,0,19,614,212,516,171,110,89,90,77,20,48,406,140,345,135,61,62,98,84,0,19,71,86,12,23,0,19,15,29,6,13
1400000US13097080604,13097080604,"Census Tract 806.04, Douglas County, Georgia",8592,764,8583,764,7844,856,2264,231,1138,220,1126,208,1259,217,3374,575,3071,573,32,39,271,110,204,133,98,72,195,148,21,36,23,35,263,156,143,102,0,19,10,15,29,33,0,19,104,94,739,257,573,183,214,108,196,104,18,28,359,176,302,169,57,45,166,155,11,18,15,26,13,22,0,19,127,162,9,7
1400000US13099090100,13099090100,"Census Tract 901, Early County, Georgia",1462,257,1462,257,1336,251,383,81,165,57,218,69,200,63,432,124,409,118,0,13,23,39,206,80,40,39,26,30,0,13,0,13,37,42,12,15,0,13,3,8,9,12,0,13,0,13,126,57,118,55,35,28,32,27,3,6,83,48,79,48,4,7,8,10,0,13,0,13,8,10,0,13,0,13,0,13
1400000US13099090200,13099090200,"Census Tract 902, Early County, Georgia",2358,269,2355,269,2008,285,589,106,263,87,326,99,351,92,870,162,842,161,14,21,14,23,97,71,10,15,17,26,0,13,0,13,66,65,8,14,0,13,0,13,0,13,8,14,0,13,347,124,320,108,118,71,118,71,0,13,202,87,176,76,26,40,27,41,0,13,0,13,27,41,0,13,0,13,3,11
1400000US13099090300,13099090300,"Census Tract 903, Early County, Georgia",1448,272,1342,256,1196,258,374,79,167,65,207,65,235,68,492,141,465,135,19,34,8,16,66,80,0,13,0,13,0,13,0,13,9,15,20,22,0,13,0,13,20,22,0,13,0,13,146,60,135,56,52,40,47,39,5,9,83,39,74,37,9,16,11,14,0,13,0,13,11,14,0,13,0,13,106,112
1400000US13099090400,13099090400,"Census Tract 904, Early County, Georgia",3835,371,3621,366,3077,404,932,158,385,121,547,143,530,107,1247,220,1107,255,21,22,119,103,225,158,21,34,48,45,0,13,0,13,58,51,16,23,0,13,0,13,16,23,0,13,0,13,544,135,521,128,208,85,175,82,33,36,313,92,313,92,0,13,23,26,0,13,0,13,23,26,0,13,0,13,214,58
1400000US13099090500,13099090500,"Census Tract 905, Early County, Georgia",1825,293,1825,293,1578,294,502,87,230,80,272,63,324,86,597,152,597,152,0,13,0,13,90,61,14,22,43,67,0,13,0,13,0,13,8,10,0,13,0,13,8,10,0,13,0,13,247,92,225,81,108,61,90,58,18,19,117,62,115,62,2,4,22,24,0,13,0,13,7,8,0,13,15,22,0,13
1400000US13101880100,13101880100,"Census Tract 8801, Echols County, Georgia",1934,299,1934,299,1765,331,549,112,288,124,261,81,336,86,779,193,727,186,0,13,52,59,18,28,20,32,6,9,14,20,0,13,0,13,43,52,0,13,0,13,0,13,0,13,43,52,169,106,128,71,49,34,44,33,5,9,79,53,48,34,31,42,41,43,0,13,0,13,41,43,0,13,0,13,0,13
1400000US13101880200,13101880200,"Census Tract 8802, Echols County, Georgia",2090,299,2090,299,1906,316,509,81,324,79,185,59,430,91,609,178,588,177,9,10,12,18,47,38,32,40,31,26,150,191,0,13,90,75,8,9,0,13,4,6,4,7,0,13,0,13,184,85,147,63,15,15,11,13,4,7,132,60,111,54,21,27,37,34,0,13,10,16,20,26,0,13,7,11,0,13
1400000US13103030100,13103030100,"Census Tract 301, Effingham County, Georgia",2981,411,2981,411,2601,461,935,138,644,139,291,102,850,148,730,223,593,196,80,64,57,61,17,21,19,27,12,18,18,27,0,13,9,15,11,15,0,13,0,13,6,11,5,12,0,13,380,124,286,95,107,63,44,50,63,41,179,89,166,87,13,20,94,60,0,13,15,34,73,48,0,13,6,11,0,13
1400000US13103030202,13103030202,"Census Tract 302.02, Effingham County, Georgia",5962,457,5894,452,5131,524,1496,173,745,133,751,123,1167,172,1968,293,1872,277,34,28,62,45,233,145,73,76,51,35,41,41,39,42,26,25,37,28,0,19,12,19,25,20,0,19,0,19,763,263,535,147,307,109,225,97,82,64,228,87,201,84,27,21,228,158,0,19,56,88,53,35,0,19,119,109,68,79
1400000US13103030203,13103030203,"Census Tract 302.03, Effingham County, Georgia",7891,494,7767,487,7120,504,2241,199,1305,215,936,202,1753,187,2569,318,2342,341,33,41,194,98,204,98,34,32,133,99,18,30,0,19,12,19,156,84,0,19,59,61,83,58,0,19,14,22,647,166,541,145,288,124,237,121,51,37,253,109,230,106,23,21,106,59,0,19,20,31,62,46,0,19,24,24,124,86
1400000US13103030204,13103030204,"Census Tract 302.04, Effingham County, Georgia",3229,372,3188,377,2686,432,702,130,385,99,317,85,472,103,1230,261,1136,254,71,63,23,21,159,100,22,42,8,16,0,13,5,10,26,30,62,67,0,13,0,13,40,57,0,13,22,33,502,147,454,136,275,104,260,104,15,13,179,70,147,61,32,38,48,33,0,13,5,10,40,32,0,13,3,5,41,26
1400000US13103030301,13103030301,"Census Tract 303.01, Effingham County, Georgia",4397,343,4397,343,4239,339,1275,99,852,139,423,113,1053,97,1561,241,1522,244,11,13,28,24,48,47,83,66,29,32,0,13,18,30,17,26,155,99,0,13,0,13,10,15,32,49,113,93,158,79,145,66,62,40,62,40,0,13,83,49,67,40,16,26,13,22,0,13,0,13,13,22,0,13,0,13,0,13
1400000US13103030303,13103030303,"Census Tract 303.03, Effingham County, Georgia",2209,288,2206,289,2008,277,661,103,496,110,165,81,490,112,760,203,671,196,24,38,65,45,21,39,8,19,28,36,0,13,0,13,0,13,40,50,19,45,0,13,21,33,0,13,0,13,198,126,159,111,141,108,132,109,9,15,18,28,0,13,18,28,39,43,0,13,0,13,29,33,0,13,10,16,3,3
1400000US13103030304,13103030304,"Census Tract 303.04, Effingham County, Georgia",7800,546,7800,546,7040,596,1971,171,1115,192,856,210,1555,176,3065,434,2867,444,103,167,95,92,61,68,53,52,18,30,0,19,0,19,192,148,125,126,61,93,64,91,0,19,0,19,0,19,760,238,572,158,198,105,118,78,80,54,374,121,335,117,39,60,188,143,0,19,0,19,109,76,0,19,79,79,0,19
1400000US13103030305,13103030305,"Census Tract 303.05, Effingham County, Georgia",7779,799,7779,799,7091,847,1955,214,1221,200,734,185,1537,224,2704,302,2392,301,104,81,208,106,301,293,0,19,6,13,58,76,127,117,18,34,385,246,0,19,0,19,162,111,0,19,223,202,688,197,611,177,284,140,245,140,39,32,327,135,315,132,12,21,77,61,0,19,44,52,23,30,0,19,10,18,0,19
1400000US13103030401,13103030401,"Census Tract 304.01, Effingham County, Georgia",4066,412,4066,412,3711,452,1194,165,491,135,703,183,984,190,1070,208,924,248,0,13,146,135,89,74,71,68,52,61,0,13,48,75,156,124,47,50,0,13,0,13,47,50,0,13,0,13,355,141,301,124,89,64,61,49,28,31,212,107,200,106,12,18,54,42,11,19,15,23,28,27,0,13,0,13,0,13
1400000US13103030402,13103030402,"Census Tract 304.02, Effingham County, Georgia",5889,494,5889,494,5442,575,1550,171,905,158,645,166,1332,158,1954,327,1831,310,59,90,64,67,169,113,55,62,51,54,71,88,0,19,109,105,151,104,0,19,11,18,52,62,0,19,88,72,447,186,395,150,159,96,107,67,52,61,236,127,236,127,0,19,52,63,0,19,0,19,52,63,0,19,0,19,0,19
1400000US13105000100,13105000100,"Census Tract 1, Elbert County, Georgia",3547,391,3538,390,3054,424,1011,151,580,115,431,93,700,117,927,229,895,225,9,15,23,21,118,67,110,70,33,32,0,13,0,13,96,67,59,40,0,13,14,22,29,28,6,9,10,17,484,162,401,117,224,94,171,77,53,63,177,74,125,56,52,49,83,61,0,13,0,13,80,60,0,13,3,5,9,11
1400000US13105000200,13105000200,"Census Tract 2, Elbert County, Georgia",2766,283,2766,283,2512,315,812,124,326,120,486,110,519,125,849,189,599,213,0,13,250,170,46,44,136,91,79,75,0,13,36,38,14,23,21,26,0,13,0,13,21,26,0,13,0,13,254,105,250,103,149,79,145,80,4,10,101,72,101,72,0,13,4,13,0,13,0,13,4,13,0,13,0,13,0,13
1400000US13105000300,13105000300,"Census Tract 3, Elbert County, Georgia",3875,488,3821,488,3394,501,1041,136,474,134,567,124,638,129,1235,311,1119,269,18,28,98,110,85,60,125,128,48,40,0,13,0,13,185,129,37,48,7,12,0,13,0,13,0,13,30,46,427,133,388,113,145,78,145,78,0,13,243,85,213,78,30,35,39,52,0,13,0,13,30,49,0,13,9,16,54,25
1400000US13105000400,13105000400,"Census Tract 4, Elbert County, Georgia",4037,341,3962,344,3286,379,879,132,314,90,565,120,499,96,1226,275,1095,279,105,95,26,37,256,113,125,94,30,42,0,13,0,13,176,115,95,75,7,35,0,13,72,65,16,24,0,13,676,194,561,147,244,92,201,84,43,43,317,101,295,99,22,26,115,89,18,27,45,49,28,33,0,13,24,28,75,31
1400000US13105000500,13105000500,"Census Tract 5, Elbert County, Georgia",5878,471,5756,473,5072,474,1779,211,1061,181,718,166,1095,187,1555,309,1301,262,54,39,200,165,283,158,111,117,76,71,0,19,23,35,59,80,91,63,0,19,42,56,49,41,0,19,0,19,684,177,604,152,321,135,290,136,31,36,283,100,252,98,31,36,80,67,0,19,37,54,43,42,0,19,0,19,122,108
1400000US13107970100,13107970100,"Census Tract 9701, Emanuel County, Georgia",5401,429,4996,425,4494,437,1420,168,745,139,675,142,1024,138,1515,229,1426,228,18,25,71,46,171,82,19,22,97,71,2,4,6,9,117,73,123,83,0,19,16,21,65,50,0,19,42,39,502,105,438,85,205,59,167,55,38,31,233,60,227,59,6,9,64,51,0,19,0,19,47,35,0,19,17,25,405,175
1400000US13107970200,13107970200,"Census Tract 9702, Emanuel County, Georgia",1747,239,1747,239,1469,252,499,82,315,73,184,55,378,68,386,99,360,97,0,13,26,25,55,47,8,12,53,65,0,13,12,21,48,48,30,33,4,7,0,13,8,11,0,13,18,27,278,89,251,83,152,68,140,67,12,14,99,36,83,34,16,18,27,20,0,13,2,3,25,20,0,13,0,13,0,13
1400000US13107970300,13107970300,"Census Tract 9703, Emanuel County, Georgia",3461,446,3437,448,2912,464,880,148,391,109,489,133,438,103,1077,261,976,256,64,64,37,45,197,109,90,87,54,53,0,13,5,9,122,140,49,40,11,19,0,13,38,42,0,13,0,13,525,158,488,139,216,126,216,126,0,13,272,77,247,73,25,32,37,50,0,13,11,29,0,13,26,37,0,13,24,24
1400000US13107970400,13107970400,"Census Tract 9704, Emanuel County, Georgia",4864,476,4521,442,3954,464,1162,150,499,112,663,116,714,149,1512,217,1500,220,0,13,12,18,300,193,128,105,0,13,0,13,46,48,0,13,92,76,26,41,43,50,9,15,0,13,14,33,567,164,468,125,196,102,143,83,53,53,272,86,221,77,51,42,99,67,0,13,27,36,72,56,0,13,0,13,343,233
1400000US13107970500,13107970500,"Census Tract 9705, Emanuel County, Georgia",1678,286,1678,286,1411,305,432,84,199,70,233,76,340,74,456,170,448,167,0,13,8,11,158,105,0,13,0,13,0,13,0,13,0,13,25,40,0,13,0,13,25,40,0,13,0,13,267,129,190,75,115,66,65,52,50,55,75,37,69,35,6,9,77,74,0,13,0,13,55,65,0,13,22,26,0,13
1400000US13107970600,13107970600,"Census Tract 9706, Emanuel County, Georgia",5449,569,5298,572,4664,649,1307,197,805,173,502,131,972,181,1612,322,1475,287,0,19,137,103,148,87,31,37,84,73,0,19,3,5,44,45,463,268,154,132,135,118,65,56,34,51,75,83,634,182,571,146,185,88,167,84,18,26,386,126,344,110,42,58,63,67,0,19,14,23,7,9,0,19,42,62,151,52
1400000US13109970100,13109970100,"Census Tract 9701, Evans County, Georgia",2737,344,2737,344,2293,349,683,108,399,102,284,94,544,95,749,182,727,184,22,28,0,13,49,41,76,59,29,37,20,30,42,39,32,53,69,58,14,18,0,13,40,50,0,13,15,21,444,149,357,101,159,72,112,57,47,42,198,72,193,72,5,8,87,71,0,13,27,32,43,42,0,13,17,26,0,13
1400000US13109970200,13109970200,"Census Tract 9702, Evans County, Georgia",4189,357,4098,353,3406,385,1070,139,484,117,586,103,690,109,1309,205,1152,188,96,83,61,48,141,65,9,13,35,34,0,13,27,27,109,68,16,15,0,13,0,13,11,12,0,13,5,8,692,146,594,104,182,59,143,64,39,38,412,93,340,71,72,63,98,64,0,13,37,49,61,45,0,13,0,13,91,56
1400000US13109970300,13109970300,"Census Tract 9703, Evans County, Georgia",4009,341,3559,353,2877,389,909,148,313,99,596,112,435,121,1111,179,997,182,12,21,102,78,156,124,39,59,19,26,0,13,0,13,83,86,125,68,0,13,0,13,119,69,0,13,6,11,682,244,509,119,303,91,275,87,28,33,206,80,175,66,31,40,173,180,0,13,0,13,39,42,0,13,134,181,450,108
1400000US13111050100,13111050100,"Census Tract 501, Fannin County, Georgia",3295,387,3280,385,2820,388,1045,144,642,124,403,128,756,139,727,192,671,180,0,13,56,84,115,66,0,13,9,14,0,13,24,36,111,172,33,42,0,13,0,13,0,13,0,13,33,42,460,153,407,128,146,87,135,78,11,26,261,111,226,107,35,33,53,56,0,13,9,14,18,32,20,34,6,15,15,16
1400000US13111050200,13111050200,"Census Tract 502, Fannin County, Georgia",6628,601,6628,601,5797,591,2019,194,1157,188,862,168,1628,213,1622,303,1466,282,35,38,121,87,189,190,66,105,147,136,13,22,50,47,25,29,38,42,24,39,0,19,8,14,0,19,6,9,831,199,759,185,365,155,302,150,63,63,394,113,383,111,11,15,72,54,0,19,28,39,31,33,0,19,13,14,0,19
1400000US13111050300,13111050300,"Census Tract 503, Fannin County, Georgia",2450,418,2450,418,2114,446,725,133,422,114,303,101,605,114,610,246,587,243,0,13,23,26,102,57,0,13,12,21,31,31,20,26,0,13,9,16,0,13,0,13,9,16,0,13,0,13,336,142,301,115,158,87,139,80,19,31,143,74,127,66,16,27,35,46,0,13,0,13,35,46,0,13,0,13,0,13
1400000US13111050400,13111050400,"Census Tract 504, Fannin County, Georgia",6336,689,6190,677,4999,694,1797,243,1118,221,679,173,1460,226,1098,300,1051,290,10,18,37,42,207,163,122,114,70,62,11,19,47,70,41,35,146,155,0,19,0,19,32,34,0,19,114,151,1191,317,955,246,460,158,321,126,139,86,495,173,484,171,11,13,236,143,0,19,35,38,87,80,0,19,114,99,146,88
1400000US13111050500,13111050500,"Census Tract 505, Fannin County, Georgia",4845,485,4838,484,4136,548,1514,207,1026,179,488,162,1131,175,1015,294,981,285,34,49,0,13,260,169,79,81,0,13,0,13,49,55,3,6,85,97,0,13,0,13,66,77,0,13,19,36,702,265,518,168,262,126,203,103,59,67,256,93,190,78,66,44,184,144,0,13,0,13,119,87,0,13,65,83,7,6
1400000US13113140101,13113140101,"Census Tract 1401.01, Fayette County, Georgia",7362,603,7350,604,6700,671,2181,208,1202,191,979,196,1596,211,2128,352,2038,359,68,63,22,35,331,215,84,60,99,71,10,16,0,19,94,103,177,175,0,19,10,19,45,69,0,19,122,150,650,231,556,166,297,135,213,109,84,94,259,99,249,98,10,15,94,99,15,23,0,19,59,75,0,19,20,32,12,8
1400000US13113140102,13113140102,"Census Tract 1401.02, Fayette County, Georgia",5561,585,5559,585,5056,621,1596,172,926,164,670,188,1389,176,1613,351,1519,336,47,42,47,59,176,163,30,53,39,51,31,35,67,72,95,92,20,35,0,19,0,19,0,19,0,19,20,35,503,169,503,169,243,124,243,124,0,19,260,115,260,115,0,19,0,19,0,19,0,19,0,19,0,19,0,19,2,2
1400000US13113140203,13113140203,"Census Tract 1402.03, Fayette County, Georgia",5661,322,5661,322,5395,310,1693,119,1000,153,693,149,1296,146,1929,205,1615,245,42,38,272,146,9,21,189,181,8,13,36,44,18,27,121,79,96,62,0,19,0,19,60,48,0,19,36,38,266,89,253,83,64,42,64,42,0,19,189,74,175,71,14,24,13,20,0,19,0,19,13,20,0,19,0,19,0,19
1400000US13113140204,13113140204,"Census Tract 1402.04, Fayette County, Georgia",5438,579,5438,579,5102,568,1446,147,991,141,455,130,1264,133,1755,275,1454,265,113,86,188,115,68,51,175,119,135,100,12,20,32,41,94,83,121,73,0,19,19,31,30,30,0,19,72,65,336,216,203,83,106,65,98,69,8,14,97,62,59,43,38,46,133,168,0,19,122,168,0,19,0,19,11,17,0,19
1400000US13113140206,13113140206,"Census Tract 1402.06, Fayette County, Georgia",4285,352,4285,352,3856,380,1196,109,816,108,380,104,1027,103,1407,227,1286,218,7,11,114,83,130,119,13,21,29,29,12,18,42,59,0,13,0,13,0,13,0,13,0,13,0,13,0,13,429,150,356,114,108,65,90,62,18,22,248,91,201,81,47,56,73,63,13,20,0,13,53,57,0,13,7,11,0,13
1400000US13113140207,13113140207,"Census Tract 1402.07, Fayette County, Georgia",5489,305,5489,305,4948,389,1684,124,1239,160,445,142,1509,117,1735,239,1691,244,19,26,25,33,20,23,0,19,0,19,0,19,0,19,0,19,0,19,0,19,0,19,0,19,0,19,0,19,541,171,485,124,230,97,198,90,32,50,255,89,255,89,0,19,56,90,0,19,0,19,30,47,0,19,26,42,0,19
1400000US13113140208,13113140208,"Census Tract 1402.08, Fayette County, Georgia",7762,502,7628,499,7036,511,2075,162,1240,180,835,180,1697,207,2652,308,2544,292,92,80,16,25,236,153,20,31,150,86,51,53,0,19,0,19,155,100,0,19,106,82,49,56,0,19,0,19,592,158,542,135,241,107,210,98,31,39,301,112,291,109,10,16,50,53,0,19,14,21,36,48,0,19,0,19,134,68
1400000US13113140303,13113140303,"Census Tract 1403.03, Fayette County, Georgia",4448,317,4448,317,3971,365,1235,99,763,91,472,90,1013,84,1515,240,1440,241,31,23,44,39,89,84,23,26,0,13,9,14,54,56,23,25,10,13,0,13,0,13,7,12,3,6,0,13,477,131,421,93,194,81,149,65,45,55,227,74,227,74,0,13,56,71,0,13,0,13,56,71,0,13,0,13,0,13
1400000US13113140304,13113140304,"Census Tract 1403.04, Fayette County, Georgia",5766,330,5766,330,5110,374,1503,116,977,134,526,138,1202,150,1943,299,1744,265,74,66,125,121,131,131,102,113,97,85,0,19,32,36,13,86,87,81,0,19,17,27,70,82,0,19,0,19,656,169,588,131,141,72,132,70,9,17,447,116,411,111,36,40,68,73,0,19,0,19,24,29,44,68,0,19,0,19
1400000US13113140305,13113140305,"Census Tract 1403.05, Fayette County, Georgia",4624,338,4622,338,4420,359,1252,101,749,95,503,107,1076,96,1746,193,1696,190,32,38,18,21,90,77,33,42,23,25,42,33,43,59,33,28,82,57,0,13,25,39,31,31,13,16,13,21,202,100,173,83,106,71,85,66,21,26,67,41,67,41,0,13,29,35,10,15,19,31,0,13,0,13,0,13,2,3
1400000US13113140306,13113140306,"Census Tract 1403.06, Fayette County, Georgia",7513,566,7513,566,6960,591,2182,154,1363,189,819,183,1773,163,2653,426,2496,411,10,18,147,115,136,106,68,84,36,33,13,22,0,19,74,70,25,31,0,19,0,19,25,31,0,19,0,19,553,187,447,135,218,104,176,94,42,48,229,100,200,93,29,32,106,89,0,19,66,82,40,36,0,19,0,19,0,19
1400000US13113140307,13113140307,"Census Tract 1403.07, Fayette County, Georgia",5050,334,5050,334,4929,360,1407,119,981,123,426,121,1238,109,2082,223,2018,228,7,11,57,70,10,16,27,31,101,68,11,18,0,19,53,63,0,19,0,19,0,19,0,19,0,19,0,19,121,64,121,64,53,38,53,38,0,19,68,52,68,52,0,19,0,19,0,19,0,19,0,19,0,19,0,19,0,19
1400000US13113140403,13113140403,"Census Tract 1404.03, Fayette County, Georgia",5365,408,5365,408,4925,445,1563,124,1014,150,549,121,1174,113,1686,262,1493,267,55,48,138,103,117,73,59,50,92,56,21,24,22,31,133,91,58,49,0,19,0,19,12,20,17,26,29,40,440,154,350,100,147,72,117,59,30,35,203,66,184,62,19,22,90,78,16,25,74,78,0,19,0,19,0,19,0,19
1400000US13113140404,13113140404,"Census Tract 1404.04, Fayette County, Georgia",5445,391,5274,398,4714,442,1438,130,867,122,571,124,1215,139,1890,263,1600,314,57,65,233,155,24,20,28,32,0,19,41,35,17,25,0,19,61,75,0,19,45,69,16,26,0,19,0,19,560,154,504,128,138,79,86,54,52,59,366,105,358,102,8,16,56,44,0,19,26,36,30,33,0,19,0,19,171,92
1400000US13113140405,13113140405,"Census Tract 1404.05, Fayette County, Georgia",3612,396,3612,396,3357,447,1018,118,707,111,311,93,870,105,1199,225,1078,219,25,27,96,72,57,55,46,49,13,19,51,53,43,71,41,46,19,21,0,13,0,13,19,21,0,13,0,13,255,132,174,76,94,59,57,37,37,42,80,48,64,40,16,25,81,72,0,13,33,51,18,27,0,13,30,45,0,13
1400000US13113140406,13113140406,"Census Tract 1404.06, Fayette County, Georgia",3474,346,3474,346,2880,332,887,103,426,101,461,117,570,99,922,222,760,229,0,13,162,161,122,88,0,13,8,12,0,13,15,26,265,199,91,85,0,13,65,85,26,26,0,13,0,13,594,144,521,112,218,91,176,89,42,44,303,83,280,79,23,36,73,64,0,13,43,51,30,39,0,13,0,13,0,13
1400000US13113140407,13113140407,"Census Tract 1404.07, Fayette County, Georgia",7791,584,7507,536,6744,595,2159,194,1415,190,744,137,1733,191,2319,354,2158,327,0,19,161,111,291,207,50,63,81,76,24,36,0,19,20,23,67,66,0,19,0,19,30,36,0,19,37,57,763,178,739,174,237,113,226,113,11,17,502,146,494,144,8,15,24,28,0,19,16,24,8,17,0,19,0,19,284,134
1400000US13113140408,13113140408,"Census Tract 1404.08, Fayette County, Georgia",3292,187,3290,187,3024,194,928,67,646,113,282,87,802,82,1098,143,1046,139,52,60,0,13,120,78,0,13,37,43,0,13,26,25,13,19,0,13,0,13,0,13,0,13,0,13,0,13,266,100,211,67,57,41,39,32,18,29,154,63,120,58,34,35,55,47,0,13,22,35,33,33,0,13,0,13,2,2
1400000US13113140501,13113140501,"Census Tract 1405.01, Fayette County, Georgia",5388,377,5388,377,5047,388,1683,125,1146,148,537,120,1476,129,1697,212,1477,202,116,125,104,59,41,36,41,34,39,35,0,19,12,25,35,46,23,27,0,19,16,25,7,12,0,19,0,19,341,112,308,94,110,60,92,58,18,29,198,76,183,71,15,24,33,37,0,19,0,19,33,37,0,19,0,19,0,19
1400000US13113140502,13113140502,"Census Tract 1405.02, Fayette County, Georgia",3199,245,3197,245,2877,281,902,87,582,90,320,76,806,106,1094,157,1055,158,13,15,26,28,37,33,3,4,22,29,3,4,5,10,5,9,0,13,0,13,0,13,0,13,0,13,0,13,320,100,297,93,157,92,145,92,12,21,140,53,138,54,2,4,23,27,0,13,14,23,4,7,0,13,5,10,2,4
1400000US13115000100,13115000100,"Census Tract 1, Floyd County, Georgia",3895,325,3895,325,3363,308,1097,110,584,123,513,112,799,127,1060,156,1025,156,0,13,35,44,107,72,31,38,0,13,34,41,17,25,76,73,142,95,42,69,13,20,64,52,0,13,23,26,532,140,477,125,240,98,218,95,22,26,237,94,205,89,32,25,55,40,0,13,7,13,48,37,0,13,0,13,0,13
1400000US13115000201,13115000201,"Census Tract 2.01, Floyd County, Georgia",5989,598,5902,601,5076,648,1633,196,921,183,712,160,1160,225,1984,320,1794,357,50,73,140,176,92,137,0,19,136,130,0,19,0,19,0,19,71,79,0,19,27,45,44,68,0,19,0,19,826,230,646,178,304,123,235,111,69,49,342,142,280,131,62,56,180,108,35,54,18,27,95,63,0,19,32,51,87,39
1400000US13115000202,13115000202,"Census Tract 2.02, Floyd County, Georgia",4042,299,4042,299,3424,364,1121,130,771,131,350,136,961,113,1105,194,990,191,36,41,79,75,62,47,37,43,53,47,0,13,29,46,0,13,56,61,0,13,0,13,19,31,0,13,37,54,618,220,485,142,285,127,186,99,99,88,200,129,200,129,0,13,133,124,85,104,35,52,13,22,0,13,0,13,0,13
1400000US13115000300,13115000300,"Census Tract 3, Floyd County, Georgia",2983,391,1278,217,1141,232,381,63,229,57,152,69,354,84,300,107,295,107,0,13,5,8,15,13,0,13,0,13,0,13,0,13,9,16,82,105,0,13,0,13,11,13,0,13,71,104,137,44,127,36,28,21,20,17,8,12,99,34,99,34,0,13,10,16,0,13,0,13,10,16,0,13,0,13,1705,367
1400000US13115000400,13115000400,"Census Tract 4, Floyd County, Georgia",6681,550,6673,551,5645,533,1695,152,1041,160,654,150,1290,171,2271,377,2125,359,59,79,87,84,147,130,19,32,77,83,0,19,27,40,59,59,60,50,0,19,0,19,46,43,0,19,14,25,1028,257,942,221,419,173,341,148,78,85,523,146,515,144,8,14,86,81,46,73,0,19,40,36,0,19,0,19,8,4
1400000US13115000500,13115000500,"Census Tract 5, Floyd County, Georgia",3148,359,2838,342,2112,395,553,113,232,88,321,77,355,99,828,217,828,217,0,13,0,13,73,69,57,52,55,80,0,13,0,13,24,67,167,129,16,24,19,28,27,28,0,13,105,102,726,211,531,133,191,91,90,60,101,63,340,96,290,88,50,51,195,102,48,48,82,65,20,41,0,13,45,53,310,124
1400000US13115000600,13115000600,"Census Tract 6, Floyd County, Georgia",4759,599,4365,533,3265,537,964,157,365,118,599,132,374,101,1325,306,1232,299,74,110,19,22,152,185,95,91,90,81,13,22,0,13,93,102,159,97,81,86,6,11,63,41,0,13,9,13,1100,262,842,149,384,107,311,112,73,54,458,120,427,115,31,28,258,212,88,97,0,13,68,51,0,13,102,150,394,194
1400000US13115000700,13115000700,"Census Tract 7, Floyd County, Georgia",5327,538,5327,538,4853,575,1497,159,999,158,498,138,1373,177,1683,333,1406,320,50,49,227,129,205,128,0,19,0,19,0,19,44,44,0,19,51,51,0,19,0,19,0,19,21,32,30,40,474,183,418,149,193,99,149,67,44,53,225,116,209,113,16,26,56,58,40,50,0,19,16,27,0,19,0,19,0,19
1400000US13115000800,13115000800,"Census Tract 8, Floyd County, Georgia",4992,315,4899,306,4329,326,1398,123,902,145,496,99,1108,140,1378,230,1208,191,137,154,33,38,93,60,8,18,41,50,20,31,0,13,265,175,18,23,0,13,13,21,5,10,0,13,0,13,570,142,471,104,125,59,82,44,43,48,346,85,297,80,49,36,99,62,0,13,68,53,31,29,0,13,0,13,93,43
1400000US13115000900,13115000900,"Census Tract 9, Floyd County, Georgia",2294,384,2288,383,1702,327,546,94,370,84,176,79,433,81,659,158,637,164,22,35,0,13,34,51,0,13,0,13,17,31,0,13,13,19,0,13,0,13,0,13,0,13,0,13,0,13,586,268,410,108,99,49,99,49,0,13,311,103,263,94,48,46,176,218,0,13,155,216,21,25,0,13,0,13,6,7
1400000US13115001100,13115001100,"Census Tract 11, Floyd County, Georgia",2917,353,2717,351,1700,349,431,76,188,77,243,66,217,64,745,191,726,188,0,13,19,37,115,141,31,36,46,46,0,13,0,13,42,56,73,93,64,99,0,13,9,15,0,13,0,13,1017,180,902,141,255,84,238,75,17,27,647,124,580,120,67,56,115,87,32,52,29,46,54,48,0,13,0,13,200,136
1400000US13115001200,13115001200,"Census Tract 12, Floyd County, Georgia",4839,528,4476,514,3602,580,1037,154,697,125,340,132,730,122,1553,338,1540,334,0,13,13,25,80,88,41,49,26,30,12,26,0,13,29,35,94,80,0,13,11,18,57,64,11,20,15,18,874,289,597,156,232,121,154,93,78,81,365,113,204,70,161,115,277,163,18,26,127,123,82,66,0,13,50,59,363,127
1400000US13115001300,13115001300,"Census Tract 13, Floyd County, Georgia",6407,681,6405,681,5577,682,1671,168,911,197,760,185,1244,167,2036,342,1989,341,25,46,22,28,110,87,94,81,148,93,0,19,19,30,171,200,84,78,7,16,12,22,29,35,15,26,21,34,828,288,612,151,212,95,199,90,13,19,400,120,327,104,73,67,216,198,90,128,15,26,40,46,0,19,71,111,2,3
1400000US13115001400,13115001400,"Census Tract 14, Floyd County, Georgia",6278,500,6278,500,5802,527,1793,163,1109,187,684,169,1497,233,1750,319,1647,321,22,37,81,75,314,229,0,19,217,135,0,19,132,130,52,83,47,45,0,19,0,19,32,39,0,19,15,25,476,137,461,132,169,104,169,104,0,19,292,88,280,85,12,18,15,24,0,19,15,24,0,19,0,19,0,19,0,19
1400000US13115001600,13115001600,"Census Tract 16, Floyd County, Georgia",4141,453,4133,454,3423,477,903,129,401,105,502,100,477,104,1492,286,1194,240,0,13,298,147,116,97,108,58,17,27,0,13,25,29,143,93,142,73,4,10,13,19,68,55,0,13,57,55,710,209,504,121,255,99,198,88,57,40,249,77,231,75,18,19,206,133,90,110,91,138,25,24,0,13,0,13,8,14
1400000US13115001701,13115001701,"Census Tract 17.01, Floyd County, Georgia",6971,658,6952,657,6362,751,1952,163,1254,230,698,198,1558,206,1681,318,1568,309,97,119,16,25,624,483,87,71,71,73,29,47,78,80,188,111,94,69,19,30,0,19,33,47,0,19,42,41,590,237,410,139,241,113,170,96,71,55,169,79,152,76,17,27,180,147,0,19,25,39,45,48,24,39,86,93,19,12
1400000US13115001702,13115001702,"Census Tract 17.02, Floyd County, Georgia",6521,631,6278,634,5292,678,1780,215,1096,195,684,162,1340,218,1680,324,1492,317,21,34,167,126,187,156,82,76,71,63,16,25,0,19,6,15,130,109,0,19,75,95,0,19,0,19,55,56,986,246,690,163,380,135,259,130,121,66,310,91,260,94,50,36,296,153,94,119,32,39,131,83,0,19,39,60,243,101
1400000US13115001800,13115001800,"Census Tract 18, Floyd County, Georgia",4850,471,4843,471,4090,536,1241,141,718,111,523,140,954,136,1493,338,1306,302,40,30,147,96,134,76,101,98,44,43,7,12,2,8,17,19,97,78,0,13,54,72,43,31,0,13,0,13,753,222,621,158,292,119,255,116,37,36,329,97,320,98,9,14,132,132,81,112,11,17,10,16,0,13,30,48,7,6
1400000US13115002000,13115002000,"Census Tract 20, Floyd County, Georgia",4685,443,4635,446,4154,453,1335,129,790,101,545,124,1071,134,1322,235,1101,249,50,54,171,115,158,142,18,21,60,49,0,13,77,62,10,10,103,57,19,21,27,26,52,43,0,13,5,9,481,161,407,111,117,48,108,46,9,15,290,114,241,90,49,51,74,69,0,13,41,63,33,27,0,13,0,13,50,32
1400000US13115002100,13115002100,"Census Tract 21, Floyd County, Georgia",4485,541,3989,508,3238,492,869,126,355,109,514,102,505,105,1199,277,1175,278,0,13,24,30,141,107,80,72,18,29,0,13,16,25,268,235,142,97,0,13,20,24,30,42,0,13,92,86,751,259,500,136,206,93,104,65,102,72,294,109,274,106,20,24,251,168,39,47,99,111,9,13,0,13,104,120,496,315
1400000US13117130101,13117130101,"Census Tract 1301.01, Forsyth County, Georgia",3667,439,3667,439,2973,464,889,146,679,130,210,92,760,165,1034,194,968,197,38,45,28,44,31,35,34,51,52,77,0,13,27,33,95,118,51,60,0,13,0,13,51,60,0,13,0,13,694,470,340,147,227,137,90,70,137,119,113,69,108,69,5,9,354,345,45,69,301,360,8,14,0,13,0,13,0,13
1400000US13117130102,13117130102,"Census Tract 1301.02, Forsyth County, Georgia",2876,364,2876,364,2617,398,758,82,545,107,213,86,667,108,853,175,821,183,32,33,0,13,141,197,4,8,45,59,0,13,44,50,0,13,105,100,0,13,0,13,42,60,0,13,63,75,259,137,180,87,89,59,68,54,21,25,91,53,58,33,33,43,79,68,0,13,47,53,32,43,0,13,0,13,0,13
1400000US13117130103,13117130103,"Census Tract 1301.03, Forsyth County, Georgia",2993,736,2993,736,2692,727,755,173,391,156,364,116,567,179,1035,312,884,290,18,29,133,125,119,109,59,106,44,57,0,13,51,63,43,49,19,22,0,13,0,13,19,22,0,13,0,13,301,128,256,106,109,80,101,78,8,14,147,81,123,77,24,31,45,45,0,13,18,31,27,33,0,13,0,13,0,13
1400000US13117130104,13117130104,"Census Tract 1301.04, Forsyth County, Georgia",3600,466,3600,466,3309,514,1067,171,792,168,275,125,939,159,1062,256,1046,256,16,18,0,13,85,96,0,13,40,45,0,13,54,80,53,79,9,16,0,13,0,13,9,16,0,13,0,13,291,148,240,131,95,102,95,102,0,13,145,86,118,84,27,28,51,51,0,13,25,40,12,21,0,13,14,23,0,13
1400000US13117130105,13117130105,"Census Tract 1301.05, Forsyth County, Georgia",2029,651,2029,651,1839,687,500,167,231,95,269,159,331,122,678,442,628,452,0,13,50,67,143,123,9,14,36,49,7,51,104,133,28,47,3,5,0,13,0,13,3,5,0,13,0,13,190,138,108,72,85,65,29,33,56,56,23,28,20,27,3,7,82,75,5,11,36,57,41,53,0,13,0,13,0,13
1400000US13117130201,13117130201,"Census Tract 1302.01, Forsyth County, Georgia",3827,629,3827,629,3483,641,1037,184,568,137,469,162,996,187,1304,315,1304,315,0,13,0,13,32,39,0,13,21,33,37,45,35,57,0,13,21,40,8,25,0,13,0,13,0,13,13,28,344,190,254,127,169,111,119,97,50,57,85,70,68,59,17,32,90,91,0,13,46,64,44,60,0,13,0,13,0,13
1400000US13117130202,13117130202,"Census Tract 1302.02, Forsyth County, Georgia",3700,542,3696,542,3542,560,989,171,632,166,357,137,882,173,1591,293,1551,297,10,18,30,30,14,17,0,13,30,32,0,13,0,13,7,16,29,36,0,13,0,13,29,36,0,13,0,13,154,92,154,92,72,62,72,62,0,13,82,59,82,59,0,13,0,13,0,13,0,13,0,13,0,13,0,13,4,3
1400000US13117130203,13117130203,"Census Tract 1302.03, Forsyth County, Georgia",5002,774,5002,774,4720,802,1164,175,740,145,424,149,1123,180,1873,410,1541,386,73,72,259,213,116,140,0,19,163,154,120,117,11,18,87,104,63,91,0,19,0,19,0,19,0,19,63,91,282,178,187,96,144,87,80,59,64,66,43,39,43,39,0,19,95,102,0,19,67,92,28,43,0,19,0,19,0,19
1400000US13117130204,13117130204,"Census Tract 1302.04, Forsyth County, Georgia",3757,1050,3757,1050,3538,1039,994,270,567,196,427,167,755,222,1472,513,1431,523,0,13,41,62,141,167,0,13,62,61,0,13,85,132,0,13,29,29,0,13,0,13,29,29,0,13,0,13,219,122,193,112,103,91,75,87,28,29,90,62,90,62,0,13,26,27,0,13,0,13,26,27,0,13,0,13,0,13
1400000US13117130205,13117130205,"Census Tract 1302.05, Forsyth County, Georgia",1883,451,1883,451,1586,492,485,137,326,98,159,99,444,150,563,223,563,223,0,13,0,13,0,13,12,21,11,17,0,13,0,13,54,68,17,22,0,13,0,13,7,12,0,13,10,18,297,184,203,99,47,31,34,26,13,15,156,97,83,55,73,87,94,94,0,13,4,7,75,91,0,13,15,25,0,13
1400000US13117130301,13117130301,"Census Tract 1303.01, Forsyth County, Georgia",4844,798,4844,798,4652,824,1267,229,695,186,572,202,868,213,1819,442,1776,437,13,22,30,49,50,50,9,16,366,320,17,30,104,86,17,31,135,112,20,31,0,13,49,55,0,13,66,64,192,108,183,107,118,98,109,98,9,14,65,55,65,55,0,13,9,14,0,13,0,13,9,14,0,13,0,13,0,13
1400000US13117130302,13117130302,"Census Tract 1303.02, Forsyth County, Georgia",5147,716,5147,716,4909,748,1474,184,887,143,587,200,1363,198,1929,421,1783,394,24,29,122,117,29,48,33,52,21,41,38,47,0,19,16,26,6,13,0,19,0,19,0,19,6,13,0,19,238,92,207,81,69,46,56,40,13,21,138,71,121,71,17,21,31,29,0,19,0,19,31,29,0,19,0,19,0,19
1400000US13117130303,13117130303,"Census Tract 1303.03, Forsyth County, Georgia",2906,469,2906,469,2615,496,742,120,482,147,260,104,698,101,1068,331,1031,328,0,13,37,47,0,13,26,41,0,13,81,110,0,13,0,13,0,13,0,13,0,13,0,13,0,13,0,13,291,130,260,106,125,71,125,71,0,13,135,83,114,82,21,26,31,40,0,13,19,35,12,22,0,13,0,13,0,13
1400000US13117130304,13117130304,"Census Tract 1303.04, Forsyth County, Georgia",4334,534,4334,534,4172,520,1071,117,900,132,171,88,948,137,1720,364,1657,352,50,54,13,22,113,150,63,74,96,89,0,13,0,13,0,13,161,197,0,13,128,191,0,13,0,13,33,54,162,85,146,74,94,75,94,75,0,13,52,40,45,37,7,14,16,28,0,13,16,28,0,13,0,13,0,13,0,13
1400000US13117130305,13117130305,"Census Tract 1303.05, Forsyth County, Georgia",3906,456,3906,456,3704,463,1030,131,671,129,359,105,877,146,1639,244,1488,246,25,30,126,97,42,49,12,20,58,76,14,25,0,13,14,24,18,31,0,13,0,13,18,31,0,13,0,13,202,110,174,90,59,40,56,39,3,10,115,87,103,86,12,19,28,43,0,13,24,41,4,11,0,13,0,13,0,13
1400000US13117130306,13117130306,"Census Tract 1303.06, Forsyth County, Georgia",4019,265,4019,265,3817,292,1146,84,863,109,283,94,1101,98,1407,149,1360,159,34,33,13,22,0,13,0,13,75,99,55,81,27,44,6,9,0,13,0,13,0,13,0,13,0,13,0,13,202,97,133,63,89,61,67,60,22,21,44,28,18,20,26,26,69,57,0,13,20,34,49,34,0,13,0,13,0,13
1400000US13117130307,13117130307,"Census Tract 1303.07, Forsyth County, Georgia",3536,480,3533,480,3361,478,750,126,493,133,257,82,678,99,1225,165,1197,155,0,13,28,36,180,147,13,25,53,65,12,25,115,107,0,13,335,295,0,13,0,13,19,20,0,13,316,293,172,68,165,70,63,57,63,57,0,13,102,54,95,53,7,11,7,11,0,13,0,13,7,11,0,13,0,13,3,3
1400000US13117130403,13117130403,"Census Tract 1304.03, Forsyth County, Georgia",6922,787,6919,787,6336,854,1596,211,1052,213,544,161,1424,177,2339,394,2263,383,32,29,44,53,23,36,163,174,32,54,135,98,0,19,490,578,134,105,40,64,33,41,35,42,0,19,26,43,583,326,395,140,150,124,73,66,77,108,245,106,214,105,31,36,188,217,137,216,33,50,18,23,0,19,0,19,3,2
1400000US13117130404,13117130404,"Census Tract 1304.04, Forsyth County, Georgia",4323,347,4319,347,4103,371,1072,95,791,104,281,102,899,117,1736,301,1607,336,100,97,29,32,8,15,0,13,139,114,66,57,0,13,120,125,63,84,0,13,0,13,0,13,0,13,63,84,216,71,216,71,128,81,128,81,0,13,88,79,88,79,0,13,0,13,0,13,0,13,0,13,0,13,0,13,4,6
1400000US13117130405,13117130405,"Census Tract 1304.05, Forsyth County, Georgia",3737,679,3737,679,3571,710,999,167,598,143,401,125,847,157,1280,298,1270,292,0,13,10,18,15,26,171,201,8,13,0,13,0,13,49,55,202,212,0,13,189,216,13,23,0,13,0,13,166,110,166,110,136,112,136,112,0,13,30,37,30,37,0,13,0,13,0,13,0,13,0,13,0,13,0,13,0,13
1400000US13117130406,13117130406,"Census Tract 1304.06, Forsyth County, Georgia",5282,582,5273,582,4604,586,1377,177,793,159,584,165,990,168,1913,294,1828,273,27,32,58,57,0,19,66,73,128,116,39,61,0,19,21,30,70,69,0,19,0,19,50,65,8,13,12,23,669,204,508,152,168,96,112,102,56,56,340,129,242,106,98,77,161,90,0,19,28,47,111,76,0,19,22,36,9,10
1400000US13117130408,13117130408,"Census Tract 1304.08, Forsyth County, Georgia",4061,419,3877,404,3518,414,1017,126,520,123,497,104,734,136,1455,215,1353,242,65,49,37,42,50,77,92,97,37,38,0,13,57,89,0,13,76,80,0,13,76,80,0,13,0,13,0,13,359,102,330,93,122,75,105,69,17,27,208,80,199,79,9,14,29,30,0,13,0,13,29,30,0,13,0,13,184,116
1400000US13117130409,13117130409,"Census Tract 1304.09, Forsyth County, Georgia",2367,497,2362,497,1977,499,547,114,385,109,162,61,415,100,689,197,647,198,0,13,42,71,0,13,28,50,33,44,15,25,0,13,58,67,192,245,0,13,0,13,65,63,0,13,127,191,385,169,260,92,96,59,70,50,26,32,164,73,121,58,43,41,125,101,0,13,41,49,53,47,0,13,31,55,5,5
1400000US13117130410,13117130410,"Census Tract 1304.10, Forsyth County, Georgia",3490,374,3157,352,2122,381,659,119,364,125,295,100,530,120,655,194,655,194,0,13,0,13,11,21,69,89,0,13,0,13,0,13,70,113,128,79,0,13,0,13,59,65,0,13,69,66,1035,224,841,181,174,81,167,79,7,14,667,184,581,181,86,51,194,115,45,58,51,54,71,41,0,13,27,40,333,122
1400000US13117130503,13117130503,"Census Tract 1305.03, Forsyth County, Georgia",2718,403,2718,403,2414,452,682,137,424,127,258,94,477,119,926,269,862,266,28,35,36,49,54,49,0,13,80,52,16,31,27,37,87,106,65,51,0,13,14,30,0,13,0,13,51,41,304,138,272,132,196,132,178,132,18,22,76,47,63,45,13,17,32,27,0,13,0,13,32,27,0,13,0,13,0,13
1400000US13117130504,13117130504,"Census Tract 1305.04, Forsyth County, Georgia",3231,376,3231,376,2578,420,832,140,441,119,391,119,674,138,963,182,936,179,0,13,27,45,86,116,0,13,0,13,23,43,0,13,0,13,0,13,0,13,0,13,0,13,0,13,0,13,653,194,548,170,244,106,184,101,60,42,304,132,298,133,6,9,105,72,13,20,52,68,40,43,0,13,0,13,0,13
1400000US13117130505,13117130505,"Census Tract 1305.05, Forsyth County, Georgia",2662,330,2662,330,2332,341,756,112,404,113,352,110,629,102,862,183,848,182,14,24,0,13,24,35,39,62,0,13,0,13,0,13,0,13,22,38,0,13,0,13,0,13,0,13,22,38,330,182,225,90,76,59,53,44,23,36,149,79,113,63,36,53,105,120,0,13,82,116,23,36,0,13,0,13,0,13
1400000US13117130506,13117130506,"Census Tract 1305.06, Forsyth County, Georgia",3002,456,3002,456,2685,503,821,141,520,137,301,106,788,140,933,249,910,253,23,32,0,13,21,34,20,34,0,13,78,94,0,13,0,13,24,41,0,13,0,13,0,13,0,13,24,41,317,118,303,120,159,96,159,96,0,13,144,81,139,83,5,11,14,29,14,29,0,13,0,13,0,13,0,13,0,13
1400000US13117130507,13117130507,"Census Tract 1305.07, Forsyth County, Georgia",2322,403,2322,403,1943,395,589,104,400,85,189,84,539,96,465,142,420,147,0,13,45,50,36,41,169,125,26,39,28,45,20,35,17,27,54,73,27,40,0,13,9,18,0,13,18,29,379,172,243,100,87,62,79,60,8,14,156,81,96,65,60,47,136,107,32,52,36,51,35,38,0,13,33,39,0,13
1400000US13117130508,13117130508,"Census Tract 1305.08, Forsyth County, Georgia",4895,508,4895,508,4674,528,1386,147,1049,165,337,104,1326,138,1779,295,1648,287,76,63,55,77,16,20,20,31,58,57,15,23,0,13,17,26,57,60,0,13,0,13,0,13,0,13,57,60,221,113,206,105,98,60,84,57,14,23,108,92,108,92,0,13,15,25,0,13,0,13,15,25,0,13,0,13,0,13
1400000US13117130509,13117130509,"Census Tract 1305.09, Forsyth County, Georgia",3913,593,3910,593,3559,651,911,117,537,146,374,142,805,147,1354,314,1133,301,54,66,167,121,121,139,161,243,39,61,0,13,0,13,91,143,77,82,0,13,48,69,29,50,0,13,0,13,351,204,179,88,81,60,52,61,29,35,98,64,47,40,51,57,172,141,75,114,97,85,0,13,0,13,0,13,3,4
1400000US13117130510,13117130510,"Census Tract 1305.10, Forsyth County, Georgia",6518,561,6482,558,5976,617,1561,154,925,151,636,157,1359,154,2516,332,2410,337,4,22,102,100,82,85,61,67,38,49,22,35,174,181,58,51,105,92,0,19,0,19,27,37,0,19,78,83,506,193,414,141,228,125,202,120,26,30,186,86,167,82,19,24,92,94,21,34,28,44,16,19,0,19,27,43,36,27
1400000US13117130601,13117130601,"Census Tract 1306.01, Forsyth County, Georgia",3385,459,3385,459,3189,462,1010,170,511,126,499,193,702,128,1055,204,1020,194,18,30,17,25,53,60,33,38,87,81,64,75,0,13,72,72,113,129,0,13,113,129,0,13,0,13,0,13,196,90,185,85,23,25,23,25,0,13,162,80,149,79,13,24,11,18,0,13,0,13,11,18,0,13,0,13,0,13
1400000US13117130602,13117130602,"Census Tract 1306.02, Forsyth County, Georgia",4168,422,4165,422,3386,539,990,149,599,142,391,127,834,164,1330,278,1138,274,24,39,168,158,65,65,112,151,24,42,4,55,27,50,0,13,0,13,0,13,0,13,0,13,0,13,0,13,779,320,522,134,267,100,180,79,87,77,255,96,247,97,8,12,257,245,181,239,16,26,60,71,0,13,0,13,3,7
1400000US13117130603,13117130603,"Census Tract 1306.03, Forsyth County, Georgia",3888,503,3854,501,3657,505,988,129,685,150,303,102,936,130,1570,296,1530,305,40,50,0,13,43,62,40,51,7,17,20,33,0,13,0,13,53,74,0,13,43,72,10,16,0,13,0,13,197,104,172,89,69,54,69,54,0,13,103,70,91,65,12,20,25,42,0,13,0,13,0,13,0,13,25,42,34,31
1400000US13117130604,13117130604,"Census Tract 1306.04, Forsyth County, Georgia",5199,294,5199,294,4887,362,1316,111,984,110,332,102,1228,119,2194,201,2119,192,29,33,46,51,0,19,12,22,96,93,0,19,0,19,41,59,0,19,0,19,0,19,0,19,0,19,0,19,312,148,241,114,46,41,18,25,28,35,195,109,176,104,19,32,71,69,23,45,0,19,48,50,0,19,0,19,0,19
1400000US13117130605,13117130605,"Census Tract 1306.05, Forsyth County, Georgia",3884,446,3884,446,3449,486,977,119,747,118,230,81,927,118,1482,308,1378,294,55,42,49,59,10,15,0,13,12,20,41,47,0,13,0,13,0,13,0,13,0,13,0,13,0,13,0,13,435,184,316,112,169,78,124,67,45,42,147,81,147,81,0,13,119,112,52,81,60,75,7,13,0,13,0,13,0,13
1400000US13117130606,13117130606,"Census Tract 1306.06, Forsyth County, Georgia",4487,297,4487,297,4264,308,1171,105,805,109,366,145,1064,108,1803,226,1705,237,98,96,0,13,35,40,23,38,116,140,0,13,40,60,0,13,12,20,0,13,0,13,12,20,0,13,0,13,223,88,212,80,51,54,40,50,11,19,161,64,161,64,0,13,11,20,0,13,0,13,11,20,0,13,0,13,0,13
1400000US13117130607,13117130607,"Census Tract 1306.07, Forsyth County, Georgia",4586,571,4586,571,4356,591,1235,138,1000,151,235,99,1181,141,1645,300,1609,302,14,23,22,36,22,35,40,57,18,28,28,44,0,13,0,13,187,212,47,68,112,178,0,13,0,13,28,36,230,92,223,90,86,63,79,61,7,11,137,68,137,68,0,13,7,11,0,13,0,13,7,11,0,13,0,13,0,13
1400000US13117130608,13117130608,"Census Tract 1306.08, Forsyth County, Georgia",4787,537,4787,537,4734,540,1234,150,696,153,538,160,1202,145,1811,270,1791,269,6,11,14,24,0,13,0,13,330,210,124,92,0,13,33,46,0,13,0,13,0,13,0,13,0,13,0,13,53,41,53,41,17,19,17,19,0,13,36,35,36,35,0,13,0,13,0,13,0,13,0,13,0,13,0,13,0,13
1400000US13117130609,13117130609,"Census Tract 1306.09, Forsyth County, Georgia",4438,301,4438,301,4305,322,1151,96,797,111,354,120,1019,97,1949,254,1861,248,54,43,34,36,24,38,0,13,62,42,14,27,18,28,34,50,34,40,0,13,0,13,34,40,0,13,0,13,133,81,116,71,81,52,66,51,15,23,35,41,35,41,0,13,17,25,0,13,6,16,11,19,0,13,0,13,0,13
1400000US13117130610,13117130610,"Census Tract 1306.10, Forsyth County, Georgia",4185,431,4185,431,3924,465,1139,140,785,146,354,99,993,144,1560,270,1465,280,54,50,41,36,0,13,0,13,93,84,119,97,0,13,0,13,20,31,20,31,0,13,0,13,0,13,0,13,261,110,226,98,61,52,61,52,0,13,165,88,148,91,17,29,35,59,0,13,35,59,0,13,0,13,0,13,0,13
1400000US13117130611,13117130611,"Census Tract 1306.11, Forsyth County, Georgia",3644,255,3644,255,3593,266,977,106,672,142,305,122,894,76,1414,168,1336,147,11,18,67,70,66,70,0,13,12,20,0,13,0,13,222,166,8,21,0,13,0,13,8,21,0,13,0,13,51,41,51,41,18,19,18,19,0,13,33,39,33,39,0,13,0,13,0,13,0,13,0,13,0,13,0,13,0,13
1400000US13117130612,13117130612,"Census Tract 1306.12, Forsyth County, Georgia",6329,367,6326,366,6180,375,1678,120,1094,157,584,157,1485,120,2545,283,2358,311,0,19,187,142,42,42,33,48,173,129,41,47,0,19,118,122,65,56,0,19,0,19,65,56,0,19,0,19,146,89,140,88,31,33,26,32,5,11,109,83,109,83,0,19,6,12,0,19,0,19,6,12,0,19,0,19,3,3
1400000US13117130613,13117130613,"Census Tract 1306.13, Forsyth County, Georgia",2654,334,2642,335,2272,278,717,103,521,109,196,92,650,84,879,155,787,189,0,13,92,88,0,13,0,13,20,26,0,13,0,13,0,13,6,14,0,13,0,13,0,13,0,13,6,14,370,185,242,98,123,78,105,75,18,29,119,69,102,65,17,27,128,135,42,65,64,101,0,13,0,13,22,32,12,21
1400000US13119890101,13119890101,"Census Tract 8901.01, Franklin County, Georgia",3933,329,3933,329,3203,384,1036,140,597,129,439,142,716,140,1112,208,975,204,38,49,99,116,139,118,9,14,13,21,9,15,0,13,129,103,40,44,0,13,0,13,40,44,0,13,0,13,730,206,621,147,290,127,221,95,69,75,331,97,307,96,24,27,109,95,0,13,73,90,36,33,0,13,0,13,0,13
1400000US13119890102,13119890102,"Census Tract 8901.02, Franklin County, Georgia",4046,476,4026,471,3611,509,1173,153,726,147,447,139,988,147,1151,280,1050,252,66,67,35,49,102,85,0,13,13,23,0,13,10,17,110,160,64,76,0,13,0,13,0,13,0,13,64,76,415,202,346,136,104,63,97,61,7,11,242,120,187,91,55,72,69,86,7,11,8,14,54,80,0,13,0,13,20,40
1400000US13119890200,13119890200,"Census Tract 8902, Franklin County, Georgia",5258,486,5191,482,4511,500,1536,161,851,158,685,167,1177,154,1515,277,1447,274,3,7,65,55,76,73,17,29,59,85,54,53,4,7,26,35,47,52,0,19,0,19,24,37,0,19,23,39,680,178,607,148,311,125,235,113,76,64,296,114,294,114,2,4,73,62,0,19,0,19,73,62,0,19,0,19,67,44
1400000US13119890300,13119890300,"Census Tract 8903, Franklin County, Georgia",3248,358,3248,358,2851,389,913,126,440,132,473,145,704,106,965,231,922,231,0,13,43,50,28,27,34,57,47,53,9,16,0,13,0,13,151,122,0,13,0,13,72,66,0,13,79,78,397,118,385,115,174,100,174,100,0,13,211,82,199,81,12,21,12,20,0,13,0,13,12,20,0,13,0,13,0,13
1400000US13119890400,13119890400,"Census Tract 8904, Franklin County, Georgia",5585,356,4962,333,3997,406,1302,130,598,98,704,124,987,139,1256,233,1154,218,50,47,52,37,170,91,75,57,22,20,18,24,34,39,58,36,75,55,0,19,0,19,37,37,0,19,38,38,965,214,812,145,366,101,282,84,84,65,446,115,424,113,22,20,153,110,25,39,0,19,61,45,0,19,67,91,623,173
1400000US13121000100,13121000100,"Census Tract 1, Fulton County, Georgia",4225,327,4211,326,3159,303,1027,112,552,113,475,94,911,127,1146,150,1090,158,47,53,9,15,36,57,0,13,16,27,0,13,0,13,0,13,23,28,0,13,0,13,23,28,0,13,0,13,1052,207,821,139,412,127,329,116,83,63,409,126,345,119,64,59,231,133,36,45,77,73,102,78,0,13,16,28,14,9
1400000US13121000200,13121000200,"Census Tract 2, Fulton County, Georgia",5807,440,5709,430,3397,446,1105,158,611,134,494,136,921,138,1245,255,1245,255,0,19,0,19,0,19,20,35,0,19,0,19,0,19,39,45,67,56,0,19,0,19,29,35,0,19,38,42,2312,291,1606,194,973,182,597,179,376,128,633,149,480,152,153,71,706,183,25,39,327,129,307,124,0,19,47,51,98,67
1400000US13121000400,13121000400,"Census Tract 4, Fulton County, Georgia",1741,228,1667,218,875,245,336,86,190,74,146,59,302,83,220,110,207,109,13,14,0,13,0,13,0,13,0,13,0,13,0,13,0,13,17,18,0,13,0,13,17,18,0,13,0,13,792,174,662,125,450,110,350,118,100,67,212,95,212,95,0,13,130,94,0,13,80,83,50,40,0,13,0,13,74,67
1400000US13121000500,13121000500,"Census Tract 5, Fulton County, Georgia",4422,600,4228,547,2131,514,769,184,503,139,266,116,613,143,581,197,581,197,0,13,0,13,0,13,90,145,0,13,0,13,0,13,0,13,78,84,34,54,0,13,37,59,0,13,7,12,2097,389,1495,217,917,178,694,155,223,118,578,144,448,141,130,63,602,248,35,42,356,198,126,71,0,13,85,111,194,171
1400000US13121000600,13121000600,"Census Tract 6, Fulton County, Georgia",6321,890,5103,744,1163,405,395,131,159,96,236,89,268,111,126,119,126,119,0,19,0,19,70,4,32,37,0,19,0,19,65,5,11,18,196,164,65,106,46,53,0,19,0,19,85,93,3940,738,1654,182,1129,189,606,144,523,153,525,130,294,124,231,101,2286,686,607,509,1432,500,140,68,0,19,107,118,1218,640
1400000US13121000700,13121000700,"Census Tract 7, Fulton County, Georgia",3274,287,830,113,478,100,151,41,94,35,57,31,120,34,186,42,181,42,5,9,0,13,0,13,0,13,0,13,0,13,0,13,11,17,10,16,0,13,10,16,0,13,0,13,0,13,352,115,197,53,77,41,53,35,24,22,120,41,75,40,45,27,155,89,0,13,111,86,39,39,0,13,5,9,2444,256
1400000US13121001001,13121001001,"Census Tract 10.01, Fulton County, Georgia",2170,411,1213,163,293,172,112,59,56,45,56,44,102,53,11,17,11,17,0,13,0,13,0,13,17,25,0,13,0,13,0,13,0,13,51,73,34,48,17,25,0,13,0,13,0,13,920,145,674,102,457,90,330,89,127,46,217,86,182,86,35,32,246,96,37,46,126,61,64,43,0,13,19,27,957,358
1400000US13121001002,13121001002,"Census Tract 10.02, Fulton County, Georgia",8226,732,774,142,210,128,74,38,63,38,11,3,49,43,80,56,43,25,0,19,37,58,0,19,7,12,0,19,0,19,0,19,0,19,0,19,0,19,0,19,0,19,0,19,0,19,564,150,325,62,189,61,96,52,93,48,136,57,102,52,34,28,239,119,20,32,182,113,37,28,0,19,0,19,7452,712
1400000US13121001100,13121001100,"Census Tract 11, Fulton County, Georgia",3489,353,3484,354,981,296,429,143,312,103,117,87,366,138,159,63,145,59,0,13,14,20,0,13,27,41,0,13,0,13,0,13,0,13,0,13,0,13,0,13,0,13,0,13,0,13,2503,308,2191,260,1383,234,1138,224,245,92,808,174,780,168,28,34,312,111,41,50,61,62,210,83,0,13,0,13,5,5
1400000US13121001201,13121001201,"Census Tract 12.01, Fulton County, Georgia",3552,407,3548,408,1404,526,612,241,373,208,239,156,488,216,109,77,75,68,34,56,0,13,0,13,66,62,129,198,0,13,0,13,0,13,0,13,0,13,0,13,0,13,0,13,0,13,2144,325,1791,251,1124,228,902,204,222,115,667,166,600,166,67,56,353,160,0,13,162,133,191,99,0,13,0,13,4,6
1400000US13121001202,13121001202,"Census Tract 12.02, Fulton County, Georgia",3475,406,3475,406,901,307,377,138,286,139,91,68,317,113,111,33,111,33,0,13,0,13,0,13,96,111,0,13,0,13,0,13,0,13,0,13,0,13,0,13,0,13,0,13,0,13,2574,343,2098,262,1267,249,1072,257,195,95,831,197,737,197,94,63,476,201,0,13,352,184,104,74,0,13,20,30,0,13
1400000US13121001300,13121001300,"Census Tract 13, Fulton County, Georgia",4013,399,3673,406,1476,410,560,137,320,112,240,108,400,113,206,79,206,79,0,13,0,13,50,75,83,107,0,13,7,17,0,13,119,133,51,70,0,13,0,13,51,70,0,13,0,13,2197,334,1651,189,1037,167,781,148,256,86,614,142,543,135,71,52,546,208,69,84,280,175,197,80,0,13,0,13,340,121
1400000US13121001400,13121001400,"Census Tract 14, Fulton County, Georgia",2177,253,2177,253,810,228,282,76,125,57,157,74,182,58,262,104,244,91,18,31,0,13,0,13,11,16,0,13,0,13,0,13,14,23,59,71,46,69,0,13,0,13,0,13,13,20,1367,168,1115,121,601,132,479,138,122,64,514,109,442,114,72,42,252,109,29,45,139,95,84,44,0,13,0,13,0,13
1400000US13121001500,13121001500,"Census Tract 15, Fulton County, Georgia",4121,440,4081,439,1909,364,685,106,429,102,256,104,628,108,389,81,349,85,40,48,0,13,0,13,33,40,42,48,24,38,0,13,0,13,108,114,25,49,46,73,16,25,0,13,21,35,2172,363,1653,228,805,200,600,174,205,122,848,201,668,181,180,98,519,217,0,13,291,182,228,96,0,13,0,13,40,18
1400000US13121001600,13121001600,"Census Tract 16, Fulton County, Georgia",2030,335,2027,335,577,235,192,71,78,46,114,57,131,58,159,99,134,90,14,33,11,26,19,36,27,30,0,13,0,13,0,13,0,13,49,62,24,43,0,13,4,10,0,13,21,46,1450,281,1018,125,470,142,334,119,136,96,548,140,405,123,143,71,432,209,10,17,265,216,157,79,0,13,0,13,3,2
1400000US13121001700,13121001700,"Census Tract 17, Fulton County, Georgia",2724,415,2711,411,1470,373,460,115,122,67,338,100,129,78,602,211,512,169,0,13,90,139,115,173,57,56,0,13,0,13,0,13,40,40,67,49,13,20,0,13,54,52,0,13,0,13,1241,240,883,140,412,116,246,103,166,75,471,116,398,123,73,50,358,155,83,100,90,71,132,65,0,13,53,55,13,18
1400000US13121001800,13121001800,"Census Tract 18, Fulton County, Georgia",3784,402,3781,402,1349,413,568,159,222,132,346,112,345,163,313,158,313,158,0,13,0,13,0,13,89,125,0,13,0,13,0,13,34,59,0,13,0,13,0,13,0,13,0,13,0,13,2432,245,2050,199,1148,212,900,226,248,101,902,233,856,231,46,44,382,155,35,56,186,117,129,73,0,13,32,38,3,3
1400000US13121001900,13121001900,"Census Tract 19, Fulton County, Georgia",3227,592,1775,271,756,250,329,101,102,64,227,81,168,89,215,110,215,110,0,13,0,13,0,13,13,20,0,13,0,13,0,13,0,13,31,55,0,13,0,13,31,55,0,13,0,13,1019,194,874,152,437,113,394,105,43,47,437,140,389,132,48,49,145,110,39,63,52,65,22,25,0,13,32,58,1452,479
1400000US13121002100,13121002100,"Census Tract 21, Fulton County, Georgia",3308,525,1858,252,1018,249,345,82,78,41,267,73,84,38,541,163,541,163,0,13,0,13,0,13,0,13,0,13,0,13,0,13,35,39,13,20,0,13,13,20,0,13,0,13,0,13,840,176,613,109,318,95,241,89,77,45,295,97,224,85,71,54,227,114,44,69,112,69,40,29,0,13,31,48,1450,476
1400000US13121002300,13121002300,"Census Tract 23, Fulton County, Georgia",1141,261,1141,261,797,227,271,80,135,65,136,67,68,39,216,109,176,89,40,41,0,13,46,55,27,30,54,49,0,13,0,13,97,89,18,19,0,13,0,13,7,10,0,13,11,16,344,134,282,78,207,78,187,77,20,32,75,44,75,44,0,13,62,99,62,99,0,13,0,13,0,13,0,13,0,13
1400000US13121002400,13121002400,"Census Tract 24, Fulton County, Georgia",1936,296,1887,289,1341,317,396,96,130,74,266,84,83,45,419,142,397,133,14,21,8,15,152,88,183,136,9,12,0,13,0,13,66,61,33,43,0,13,0,13,5,8,0,13,28,43,546,164,459,129,342,117,267,108,75,66,117,61,109,60,8,12,87,68,0,13,17,25,58,60,0,13,12,19,49,44
1400000US13121002500,13121002500,"Census Tract 25, Fulton County, Georgia",2208,510,2053,501,1494,542,332,102,133,80,199,67,115,76,764,383,710,343,0,13,54,69,52,48,125,36,12,24,0,13,13,18,27,25,54,44,0,13,0,13,12,18,0,13,42,43,559,144,516,128,345,111,328,106,17,20,171,82,152,81,19,20,43,34,16,25,0,13,18,19,0,13,9,13,155,112
1400000US13121002600,13121002600,"Census Tract 26, Fulton County, Georgia",802,172,766,172,557,158,192,46,69,72,123,79,25,30,278,79,278,79,0,13,0,13,62,68,0,13,0,13,0,13,0,13,0,13,0,13,0,13,0,13,0,13,0,13,0,13,209,89,189,67,150,58,136,53,14,32,39,31,39,31,0,13,20,37,0,13,14,24,6,23,0,13,0,13,36,17
1400000US13121002800,13121002800,"Census Tract 28, Fulton County, Georgia",2837,443,1407,217,461,209,186,76,68,50,118,58,92,57,136,124,136,124,0,13,0,13,0,13,5,9,38,50,0,13,0,13,4,9,0,13,0,13,0,13,0,13,0,13,0,13,946,141,831,120,414,106,388,107,26,22,417,120,370,118,47,34,115,70,12,21,73,65,30,21,0,13,0,13,1430,331
1400000US13121002900,13121002900,"Census Tract 29, Fulton County, Georgia",1990,244,1853,247,549,184,207,72,125,60,82,52,146,65,162,77,162,77,0,13,0,13,0,13,24,39,0,13,10,26,0,13,0,13,0,13,0,13,0,13,0,13,0,13,0,13,1304,225,878,125,329,107,173,71,156,69,549,135,388,114,161,70,426,147,18,27,224,134,150,57,0,13,34,37,137,93
1400000US13121003000,13121003000,"Census Tract 30, Fulton County, Georgia",2499,354,2499,354,1119,311,423,111,189,79,234,95,377,108,299,125,299,125,0,13,0,13,0,13,20,32,0,13,0,13,0,13,0,13,0,13,0,13,0,13,0,13,0,13,0,13,1380,200,1088,119,553,117,414,97,139,72,535,104,450,104,85,41,292,127,14,23,93,94,157,63,0,13,28,46,0,13
1400000US13121003100,13121003100,"Census Tract 31, Fulton County, Georgia",1714,305,1714,305,1084,290,314,75,177,70,137,55,179,72,399,138,394,140,5,8,0,13,86,70,9,14,16,17,0,13,0,13,49,40,32,33,0,13,0,13,23,25,0,13,9,14,630,201,397,94,218,68,118,52,100,57,179,87,140,82,39,31,233,148,118,145,54,56,61,40,0,13,0,13,0,13
1400000US13121003200,13121003200,"Census Tract 32, Fulton County, Georgia",2150,278,2141,278,717,280,264,83,131,62,133,65,177,58,174,107,159,105,0,13,15,22,17,25,0,13,0,13,0,13,0,13,66,104,19,26,0,13,0,13,0,13,0,13,19,26,1424,255,995,117,483,98,342,89,141,71,512,95,359,85,153,67,429,175,17,28,113,97,199,91,0,13,100,91,9,5
1400000US13121003500,13121003500,"Census Tract 35, Fulton County, Georgia",1979,362,1012,198,268,107,111,51,53,28,58,48,101,49,31,22,31,22,0,13,0,13,0,13,15,24,0,13,0,13,0,13,0,13,10,13,0,13,0,13,0,13,0,13,10,13,744,179,581,115,359,87,317,82,42,34,222,94,132,69,90,66,163,99,18,26,88,84,57,38,0,13,0,13,967,300
1400000US13121003600,13121003600,"Census Tract 36, Fulton County, Georgia",1335,229,950,201,188,136,68,47,42,35,26,28,20,20,59,59,59,59,0,13,0,13,0,13,23,30,6,10,0,13,0,13,0,13,12,19,0,13,0,13,12,19,0,13,0,13,762,151,636,97,308,99,224,91,84,65,328,90,324,89,4,7,126,100,47,74,64,74,15,21,0,13,0,13,385,109
1400000US13121003700,13121003700,"Census Tract 37, Fulton County, Georgia",0,13,0,13,0,13,0,13,0,13,0,13,0,13,0,13,0,13,0,13,0,13,0,13,0,13,0,13,0,13,0,13,0,13,0,13,0,13,0,13,0,13,0,13,0,13,0,13,0,13,0,13,0,13,0,13,0,13,0,13,0,13,0,13,0,13,0,13,0,13,0,13,0,13,0,13
1400000US13121003800,13121003800,"Census Tract 38, Fulton County, Georgia",3682,517,382,110,66,55,30,24,20,21,10,16,23,23,0,13,0,13,0,13,0,13,0,13,13,20,0,13,0,13,0,13,0,13,0,13,0,13,0,13,0,13,0,13,0,13,316,126,211,61,157,59,120,54,37,31,54,30,54,30,0,13,105,93,28,30,65,92,0,13,0,13,12,18,3300,500
1400000US13121003900,13121003900,"Census Tract 39, Fulton County, Georgia",1460,351,1460,351,1137,388,284,86,114,63,170,62,107,56,438,169,408,160,30,43,0,13,152,100,14,18,0,13,6,11,9,14,37,57,90,74,9,13,0,13,45,49,0,13,36,55,323,123,254,79,136,70,93,55,43,49,118,61,114,60,4,6,69,65,0,13,34,53,22,34,0,13,13,19,0,13
1400000US13121004000,13121004000,"Census Tract 40, Fulton County, Georgia",2531,348,2416,347,1994,348,511,79,130,58,381,73,183,84,731,255,665,235,15,22,51,83,95,72,202,144,29,30,13,20,36,46,182,141,12,13,0,13,5,9,0,13,0,13,7,10,422,129,331,86,134,60,89,46,45,40,197,68,178,63,19,20,91,68,0,13,8,13,15,19,0,13,68,63,115,43
1400000US13121004100,13121004100,"Census Tract 41, Fulton County, Georgia",1708,457,1701,457,1283,488,355,105,110,61,245,91,88,49,470,222,463,225,0,13,7,11,27,30,177,208,7,11,0,13,21,34,85,60,53,64,0,13,39,62,14,17,0,13,0,13,418,125,361,110,165,76,145,76,20,19,196,79,184,79,12,14,57,48,36,45,0,13,21,19,0,13,0,13,7,11
1400000US13121004200,13121004200,"Census Tract 42, Fulton County, Georgia",2331,339,2325,340,1288,404,376,104,123,64,253,95,88,52,447,200,420,201,0,13,27,37,120,102,64,59,0,13,0,13,0,13,141,155,52,73,0,13,0,13,20,28,0,13,32,45,1037,216,847,126,259,76,189,67,70,47,588,123,564,119,24,21,190,143,0,13,141,139,24,22,0,13,25,39,6,6
1400000US13121004300,13121004300,"Census Tract 43, Fulton County, Georgia",2351,347,755,170,279,143,103,51,31,25,72,44,22,21,132,78,132,78,0,13,0,13,7,23,0,13,0,13,0,13,0,13,0,13,15,26,0,13,0,13,6,10,0,13,9,16,476,146,384,93,236,83,225,83,11,14,148,66,99,49,49,55,92,83,0,13,84,85,0,13,0,13,8,14,1596,296
1400000US13121004400,13121004400,"Census Tract 44, Fulton County, Georgia",1379,308,1379,308,736,276,264,96,17,20,247,96,35,35,314,170,314,170,0,13,0,13,17,26,0,13,31,34,0,13,0,13,75,79,0,13,0,13,0,13,0,13,0,13,0,13,643,236,451,134,173,85,116,67,57,55,278,128,240,117,38,44,192,142,68,111,88,85,0,13,0,13,36,53,0,13
1400000US13121004800,13121004800,"Census Tract 48, Fulton County, Georgia",753,181,743,180,386,167,142,61,42,36,100,49,31,29,148,78,148,78,0,13,0,13,45,54,16,28,0,13,0,13,0,13,4,7,0,13,0,13,0,13,0,13,0,13,0,13,357,107,332,95,154,82,142,81,12,18,178,55,172,54,6,9,25,34,0,13,0,13,25,34,0,13,0,13,10,6
1400000US13121004900,13121004900,"Census Tract 49, Fulton County, Georgia",2584,325,2584,325,1675,337,471,92,246,83,225,71,292,75,660,209,623,220,37,42,0,13,72,63,45,49,12,21,0,13,0,13,66,73,57,61,0,13,0,13,12,17,0,13,45,48,909,170,613,110,285,85,177,78,108,61,328,104,295,103,33,26,296,117,0,13,245,114,30,26,0,13,21,24,0,13
1400000US13121005000,13121005000,"Census Tract 50, Fulton County, Georgia",2183,258,2047,242,884,220,284,69,173,59,111,45,218,59,231,80,220,79,11,17,0,13,0,13,38,31,27,40,0,13,0,13,21,26,65,67,0,13,31,48,10,15,24,38,0,13,1163,259,659,102,389,99,238,80,151,76,270,62,147,61,123,44,504,224,119,175,186,122,181,65,0,13,18,25,136,109
1400000US13121005200,13121005200,"Census Tract 52, Fulton County, Georgia",4113,428,3955,422,2477,466,842,145,386,116,456,116,563,138,774,234,764,234,10,16,0,13,0,13,76,54,0,13,12,22,0,13,112,142,98,78,11,17,14,23,23,25,0,13,50,64,1478,295,1067,175,565,156,444,147,121,64,502,125,372,104,130,77,411,181,0,13,252,164,137,77,0,13,22,36,158,40
1400000US13121005300,13121005300,"Census Tract 53, Fulton County, Georgia",3914,386,3871,392,2867,420,909,128,394,113,515,122,565,118,860,207,847,209,0,13,13,21,56,60,105,81,48,46,46,69,0,13,203,133,75,73,0,13,47,66,28,27,0,13,0,13,1004,233,730,136,345,106,197,92,148,76,385,120,345,114,40,33,274,156,21,28,108,100,100,52,0,13,45,60,43,34
1400000US13121005501,13121005501,"Census Tract 55.01, Fulton County, Georgia",2611,493,2611,493,2103,517,535,105,264,93,271,76,170,79,776,225,745,223,31,38,0,13,80,79,176,128,27,24,43,67,0,13,96,61,200,205,14,22,11,17,66,56,0,13,109,157,508,150,373,95,188,79,152,74,36,31,185,65,146,60,39,27,135,84,0,13,86,86,37,34,0,13,12,18,0,13
1400000US13121005502,13121005502,"Census Tract 55.02, Fulton County, Georgia",2461,489,2461,489,1871,530,590,142,92,61,498,121,107,64,1001,376,975,371,0,13,26,47,51,56,25,39,36,46,0,13,0,13,55,55,6,9,0,13,0,13,6,9,0,13,0,13,590,136,557,127,263,122,251,121,12,19,294,92,287,93,7,12,33,39,0,13,21,33,12,19,0,13,0,13,0,13
1400000US13121005700,13121005700,"Census Tract 57, Fulton County, Georgia",1357,251,1348,252,751,262,219,82,51,51,168,64,44,47,330,112,319,104,0,13,11,18,15,23,53,48,8,14,0,13,0,13,63,73,19,24,0,13,0,13,19,24,0,13,0,13,597,220,337,93,137,60,104,52,33,23,200,76,170,69,30,35,260,159,91,82,151,118,0,13,0,13,18,26,9,6
1400000US13121005800,13121005800,"Census Tract 58, Fulton County, Georgia",1347,397,1341,398,1082,400,305,96,119,74,186,81,126,57,463,253,455,247,8,19,0,13,61,51,23,24,6,11,0,13,0,13,64,65,34,33,17,27,8,12,9,14,0,13,0,13,259,126,178,71,110,54,72,45,38,42,68,51,68,51,0,13,81,83,40,63,6,11,0,13,0,13,35,56,6,6
1400000US13121006000,13121006000,"Census Tract 60, Fulton County, Georgia",3224,491,3206,492,2318,499,619,104,188,69,431,102,188,75,853,250,799,248,54,54,0,13,297,260,113,64,55,51,0,13,22,26,102,78,69,43,0,13,21,31,48,36,0,13,0,13,888,170,735,129,334,94,286,93,48,35,401,93,364,90,37,37,153,85,0,13,100,78,34,24,0,13,19,30,18,17
1400000US13121006100,13121006100,"Census Tract 61, Fulton County, Georgia",3641,472,3612,472,3020,518,739,123,299,94,440,97,225,102,1303,285,1264,288,19,29,20,34,405,186,189,149,33,44,0,13,16,26,16,31,94,68,0,13,0,13,94,68,0,13,0,13,592,146,521,114,236,87,205,84,31,37,285,80,264,76,21,24,71,67,0,13,0,13,19,22,0,13,52,64,29,18
1400000US13121006200,13121006200,"Census Tract 62, Fulton County, Georgia",1182,284,1182,284,1094,285,300,62,62,37,238,66,139,57,449,222,435,220,14,23,0,13,106,94,28,41,24,36,0,13,0,13,29,44,19,23,11,17,0,13,8,15,0,13,0,13,88,63,54,34,38,33,5,10,33,31,16,17,16,17,0,13,34,32,0,13,0,13,34,32,0,13,0,13,0,13
1400000US13121006300,13121006300,"Census Tract 63, Fulton County, Georgia",1559,323,1559,323,1052,334,268,81,99,48,169,69,90,46,433,166,415,163,0,13,18,21,83,62,24,30,28,31,0,13,8,14,54,48,64,51,0,13,0,13,35,28,0,13,29,35,507,151,395,111,213,77,175,73,38,37,182,91,144,88,38,31,112,76,14,29,51,55,24,27,0,13,23,33,0,13
1400000US13121006400,13121006400,"Census Tract 64, Fulton County, Georgia",1084,281,1067,285,882,310,208,74,62,46,146,65,57,45,496,216,455,221,41,59,0,13,67,70,46,59,8,11,0,13,0,13,0,13,0,13,0,13,0,13,0,13,0,13,0,13,185,74,150,57,93,52,90,52,3,6,57,41,47,40,10,11,35,39,0,13,21,25,4,6,0,13,10,16,17,16
1400000US13121006500,13121006500,"Census Tract 65, Fulton County, Georgia",4009,647,3931,648,3271,711,793,148,297,104,496,125,341,124,1210,350,1038,309,23,24,149,186,363,159,136,98,60,59,49,69,5,11,237,217,77,73,0,13,0,13,49,63,0,13,28,34,660,154,602,138,350,130,320,125,30,30,252,83,244,82,8,12,58,46,0,13,32,36,26,28,0,13,0,13,78,38
1400000US13121006601,13121006601,"Census Tract 66.01, Fulton County, Georgia",1799,240,1742,225,1257,240,398,74,195,76,203,58,100,36,390,123,390,123,0,13,0,13,100,76,83,90,71,79,0,13,0,13,65,56,50,57,0,13,0,13,33,53,0,13,17,20,485,155,392,116,199,103,137,84,62,55,193,83,180,82,13,13,93,66,0,13,30,50,63,42,0,13,0,13,57,79
1400000US13121006602,13121006602,"Census Tract 66.02, Fulton County, Georgia",896,255,894,254,618,282,173,71,43,30,130,64,33,25,311,175,276,167,35,52,0,13,15,19,15,24,27,33,0,13,0,13,22,30,22,27,17,26,0,13,0,13,0,13,5,9,276,105,237,76,78,51,64,47,14,21,159,73,133,65,26,39,39,43,0,13,0,13,39,43,0,13,0,13,2,2
1400000US13121006700,13121006700,"Census Tract 67, Fulton County, Georgia",3386,467,3381,467,2335,438,579,96,134,69,445,88,210,93,857,245,831,241,0,13,26,30,321,196,108,78,115,78,0,13,0,13,65,54,80,57,0,13,16,25,20,22,12,20,32,34,1046,291,739,126,387,105,293,89,94,62,352,98,314,87,38,49,307,209,29,46,195,173,0,13,0,13,83,81,5,10
1400000US13121006801,13121006801,"Census Tract 68.01, Fulton County, Georgia",2302,233,0,13,0,13,0,13,0,13,0,13,0,13,0,13,0,13,0,13,0,13,0,13,0,13,0,13,0,13,0,13,0,13,0,13,0,13,0,13,0,13,0,13,0,13,0,13,0,13,0,13,0,13,0,13,0,13,0,13,0,13,0,13,0,13,0,13,0,13,0,13,0,13,2302,233
1400000US13121006802,13121006802,"Census Tract 68.02, Fulton County, Georgia",1724,408,1724,408,1583,449,341,102,10,18,331,94,31,31,1019,273,997,258,8,13,14,26,37,54,31,41,37,45,0,13,0,13,24,46,63,82,0,13,23,35,4,9,0,13,36,69,141,82,119,73,5,8,5,8,0,13,114,76,105,75,9,11,22,28,17,27,0,13,0,13,0,13,5,8,0,13
1400000US13121006900,13121006900,"Census Tract 69, Fulton County, Georgia",3562,574,3544,572,2761,613,695,149,333,121,362,97,387,112,932,257,910,256,22,24,0,13,129,89,144,127,124,155,0,13,0,13,220,128,130,81,0,13,9,15,29,28,0,13,92,84,783,186,550,119,324,96,204,87,120,55,226,85,169,74,57,41,233,105,65,95,23,25,145,67,0,13,0,13,18,12
1400000US13121007001,13121007001,"Census Tract 70.01, Fulton County, Georgia",4380,595,4367,593,3922,631,1041,164,429,139,612,146,362,111,1700,373,1529,365,32,42,139,139,302,168,120,105,104,83,0,13,0,13,209,139,84,69,37,59,24,28,23,23,0,13,0,13,445,162,334,112,86,62,51,47,35,40,248,94,198,86,50,42,111,78,0,13,70,67,41,42,0,13,0,13,13,21
1400000US13121007002,13121007002,"Census Tract 70.02, Fulton County, Georgia",2240,454,2240,454,1963,487,587,126,194,80,393,120,244,77,747,278,691,257,0,13,56,96,183,122,31,44,32,49,0,13,0,13,41,43,98,82,0,13,39,63,59,54,0,13,0,13,277,106,266,105,106,69,95,74,11,21,160,99,160,99,0,13,11,20,0,13,0,13,11,20,0,13,0,13,0,13
1400000US13121007100,13121007100,"Census Tract 71, Fulton County, Georgia",2609,281,2605,279,2364,293,666,110,182,77,484,118,146,64,926,171,905,170,21,25,0,13,375,213,103,75,55,57,0,13,0,13,68,39,25,37,2,18,0,13,23,33,0,13,0,13,241,84,241,84,140,75,140,75,0,13,101,48,101,48,0,13,0,13,0,13,0,13,0,13,0,13,0,13,4,9
1400000US13121007200,13121007200,"Census Tract 72, Fulton County, Georgia",1713,264,1711,264,1468,307,415,83,128,74,287,84,114,46,738,209,738,209,0,13,0,13,96,59,16,19,30,34,0,13,0,13,22,35,37,57,0,13,37,57,0,13,0,13,0,13,243,103,208,90,118,70,98,69,20,25,90,51,84,48,6,10,35,33,11,17,10,15,14,22,0,13,0,13,2,2
1400000US13121007300,13121007300,"Census Tract 73, Fulton County, Georgia",7152,829,7147,829,5687,959,1406,221,197,76,1209,225,321,103,2743,592,2682,567,16,25,45,69,394,176,258,177,300,154,0,19,33,41,189,162,43,51,0,19,0,19,43,51,0,19,0,19,1460,288,1234,216,502,158,408,138,94,76,732,183,618,165,114,94,226,134,26,41,0,19,167,112,0,19,33,53,5,5
1400000US13121007400,13121007400,"Census Tract 74, Fulton County, Georgia",2894,501,2548,450,1741,495,459,115,181,93,278,102,200,91,713,263,654,231,0,13,59,74,33,46,134,104,13,23,0,13,0,13,63,73,126,81,19,25,8,23,72,62,0,13,27,41,807,181,648,124,292,135,253,124,39,45,356,101,276,84,80,61,159,99,19,31,106,88,11,17,0,13,23,35,346,122
1400000US13121007500,13121007500,"Census Tract 75, Fulton County, Georgia",3531,397,3449,398,2299,417,580,124,153,72,427,133,182,72,1190,295,1190,295,0,13,0,13,109,89,17,28,87,81,0,13,0,13,83,92,51,48,0,13,0,13,31,34,0,13,20,33,1150,241,974,173,583,143,475,129,108,77,391,110,379,110,12,18,176,119,33,53,118,102,25,28,0,13,0,13,82,54
1400000US13121007602,13121007602,"Census Tract 76.02, Fulton County, Georgia",2747,352,2743,352,2499,368,767,83,346,99,421,91,407,99,897,264,827,259,70,93,0,13,181,113,81,67,0,13,42,47,0,13,124,120,0,13,0,13,0,13,0,13,0,13,0,13,244,67,222,59,81,35,76,35,5,8,141,46,131,45,10,14,22,26,16,24,0,13,6,9,0,13,0,13,4,9
1400000US13121007603,13121007603,"Census Tract 76.03, Fulton County, Georgia",5148,726,5056,726,3580,799,1043,200,263,139,780,189,221,115,1380,415,1348,409,14,22,18,30,199,139,176,130,62,49,0,19,0,19,294,255,205,219,0,19,154,207,51,61,0,19,0,19,1476,351,1127,197,549,181,454,181,95,79,578,153,484,137,94,75,349,253,47,69,79,81,80,77,0,19,143,179,92,42
1400000US13121007604,13121007604,"Census Tract 76.04, Fulton County, Georgia",2235,511,2235,511,1800,560,609,186,122,81,487,169,59,44,874,307,795,315,79,85,0,13,66,69,17,32,34,53,0,13,0,13,71,83,70,89,0,13,19,33,0,13,0,13,51,82,435,154,395,138,117,77,88,70,29,35,278,120,278,120,0,13,40,52,0,13,33,51,7,13,0,13,0,13,0,13
1400000US13121007703,13121007703,"Census Tract 77.03, Fulton County, Georgia",3590,530,3590,530,2962,546,817,145,207,90,610,130,316,111,1239,377,1239,377,0,13,0,13,226,136,0,13,102,118,0,13,74,74,188,110,0,13,0,13,0,13,0,13,0,13,0,13,628,125,606,115,168,102,145,92,23,37,438,114,438,114,0,13,22,35,0,13,0,13,22,35,0,13,0,13,0,13
1400000US13121007704,13121007704,"Census Tract 77.04, Fulton County, Georgia",5104,551,5104,551,4010,576,1082,148,412,125,670,177,470,154,1607,365,1564,361,43,71,0,19,317,207,125,97,128,94,0,19,0,19,201,194,80,93,0,19,17,30,63,87,0,19,0,19,1094,422,692,150,196,110,164,109,32,33,496,136,393,125,103,76,402,353,229,327,36,43,56,55,0,19,81,115,0,19
1400000US13121007705,13121007705,"Census Tract 77.05, Fulton County, Georgia",4334,689,4334,689,3231,808,906,208,237,107,669,188,234,113,1356,554,1356,554,0,13,0,13,228,151,175,201,117,113,0,13,0,13,142,131,73,84,0,13,49,76,24,40,0,13,0,13,1103,219,1075,207,276,133,260,129,16,26,799,186,786,185,13,21,28,32,0,13,0,13,28,32,0,13,0,13,0,13
1400000US13121007706,13121007706,"Census Tract 77.06, Fulton County, Georgia",8625,1004,8622,1005,6903,1083,1899,276,653,211,1246,235,688,215,3118,767,2935,755,109,170,74,84,260,143,301,214,69,86,26,30,0,19,399,243,143,107,0,19,51,63,92,86,0,19,0,19,1719,353,1508,253,694,244,617,235,77,102,814,169,744,174,70,59,211,183,59,79,96,154,33,32,0,19,23,39,3,5
1400000US13121007802,13121007802,"Census Tract 78.02, Fulton County, Georgia",8925,656,8920,656,7429,798,2031,215,1071,195,960,196,1105,215,3200,583,2678,468,74,75,448,331,343,134,281,231,77,68,22,37,16,25,203,131,151,110,0,19,0,19,151,110,0,19,0,19,1491,407,1156,250,584,212,419,165,165,114,572,154,529,157,43,53,335,231,156,163,27,43,120,87,0,19,32,50,5,3
1400000US13121007805,13121007805,"Census Tract 78.05, Fulton County, Georgia",3422,525,3291,502,2788,547,807,144,269,84,538,127,270,72,1012,326,998,326,0,13,14,22,239,147,173,116,10,17,30,31,0,13,172,115,75,85,0,13,15,24,23,39,0,13,37,46,503,123,481,121,224,115,210,117,14,23,257,92,250,90,7,12,22,21,0,13,0,13,22,21,0,13,0,13,131,84
1400000US13121007806,13121007806,"Census Tract 78.06, Fulton County, Georgia",6006,507,6003,507,5085,550,1381,157,334,148,1047,165,311,135,1920,405,1866,404,54,83,0,19,448,203,331,170,151,118,0,19,0,19,396,266,147,121,0,19,0,19,54,82,0,19,93,92,918,229,799,162,179,115,179,115,0,19,620,163,507,142,113,106,119,112,0,19,0,19,119,112,0,19,0,19,3,5
1400000US13121007807,13121007807,"Census Tract 78.07, Fulton County, Georgia",2871,524,2857,526,2414,574,614,142,173,84,441,132,210,91,959,344,943,341,0,13,16,33,265,260,46,48,9,19,0,13,0,13,81,55,230,166,10,16,116,144,47,53,0,13,57,55,443,203,357,121,118,68,118,68,0,13,239,99,206,90,33,42,86,124,78,124,0,13,8,16,0,13,0,13,14,24
1400000US13121007808,13121007808,"Census Tract 78.08, Fulton County, Georgia",4585,566,4585,566,4246,613,990,129,135,75,855,142,109,63,2239,360,2217,357,0,13,22,35,502,242,101,89,29,43,0,13,60,62,161,135,55,47,0,13,26,37,29,31,0,13,0,13,339,120,312,103,130,73,110,59,20,32,182,76,175,75,7,11,27,33,0,13,0,13,27,33,0,13,0,13,0,13
1400000US13121007900,13121007900,"Census Tract 79, Fulton County, Georgia",5449,515,5413,512,4771,544,1466,152,477,121,989,187,808,172,1542,344,1483,352,36,51,23,35,488,240,164,135,85,70,0,19,0,19,160,213,58,71,0,19,0,19,0,19,0,19,58,71,642,146,641,144,114,79,114,79,0,19,527,131,526,129,1,8,1,9,0,19,0,19,1,9,0,19,0,19,36,35
1400000US13121008000,13121008000,"Census Tract 80, Fulton County, Georgia",4949,503,4944,503,4203,508,1127,124,388,106,739,130,451,106,1573,298,1554,297,8,14,11,19,634,177,124,76,68,56,12,20,55,37,71,66,88,68,16,24,16,23,30,42,0,13,26,38,741,159,652,132,276,98,249,97,27,26,376,109,344,109,32,39,89,74,0,13,21,33,43,44,0,13,25,26,5,3
1400000US13121008101,13121008101,"Census Tract 81.01, Fulton County, Georgia",1201,216,1201,216,987,258,244,57,148,48,96,42,98,38,377,108,365,105,0,13,12,30,141,81,46,39,0,13,0,13,0,13,37,43,44,40,0,13,5,10,0,13,39,38,0,13,214,67,197,60,118,51,111,50,7,10,79,39,69,35,10,16,17,18,0,13,0,13,17,18,0,13,0,13,0,13
1400000US13121008102,13121008102,"Census Tract 81.02, Fulton County, Georgia",6829,912,6823,912,5611,975,1492,205,389,127,1103,197,467,144,2014,541,1884,528,52,68,78,129,468,230,333,269,44,52,19,31,0,19,236,205,538,413,0,19,81,127,98,86,16,28,343,389,1212,327,971,209,418,165,295,128,123,95,553,154,514,149,39,49,241,164,85,101,26,43,23,26,0,19,107,127,6,10
1400000US13121008201,13121008201,"Census Tract 82.01, Fulton County, Georgia",6738,855,6736,854,5338,952,1437,226,369,118,1068,231,554,143,2080,568,2024,570,56,54,0,19,596,242,107,81,72,94,0,19,49,60,345,263,98,105,25,40,0,19,12,20,0,19,61,96,1398,338,1102,220,442,176,379,167,63,47,660,157,543,122,117,94,296,192,41,57,147,148,68,57,0,19,40,65,2,5
1400000US13121008202,13121008202,"Census Tract 82.02, Fulton County, Georgia",2354,405,2345,406,2002,417,551,105,144,62,407,98,152,63,919,319,904,312,15,24,0,13,202,108,14,21,41,43,31,47,0,13,29,39,63,56,0,13,12,17,44,53,0,13,7,13,343,124,286,76,93,51,76,43,17,27,193,69,187,68,6,10,57,79,0,13,0,13,22,27,0,13,35,54,9,10
1400000US13121008301,13121008301,"Census Tract 83.01, Fulton County, Georgia",2280,517,2254,521,1703,556,459,130,270,115,189,88,156,76,703,317,605,297,0,13,98,105,59,57,95,99,59,73,0,13,0,13,87,93,85,84,50,76,0,13,35,41,0,13,0,13,551,132,508,123,155,83,131,78,24,29,353,115,337,113,16,26,43,42,0,13,0,13,43,42,0,13,0,13,26,23
1400000US13121008302,13121008302,"Census Tract 83.02, Fulton County, Georgia",2193,355,2120,345,1621,405,419,100,208,101,211,64,111,64,768,298,735,290,0,13,33,52,130,91,84,70,18,20,15,23,0,13,13,20,63,73,0,13,63,73,0,13,0,13,0,13,499,170,367,111,161,79,140,80,21,16,206,85,136,64,70,54,132,85,61,61,45,55,18,17,0,13,8,14,73,100
1400000US13121008400,13121008400,"Census Tract 84, Fulton County, Georgia",3646,524,3292,514,2255,512,617,135,141,73,476,124,100,54,1019,334,975,335,22,32,22,26,103,76,146,96,152,99,0,13,0,13,0,13,118,78,15,24,14,22,46,36,9,14,34,45,1037,334,672,159,386,139,310,135,76,84,286,91,177,69,109,83,365,234,13,20,205,161,43,44,0,13,104,125,354,127
1400000US13121008500,13121008500,"Census Tract 85, Fulton County, Georgia",4102,823,4071,829,3172,693,704,127,201,81,503,124,172,61,1319,454,1241,420,0,13,78,100,235,144,120,88,58,53,0,13,39,61,342,156,183,126,0,13,39,60,29,34,55,78,60,71,899,590,495,136,307,112,251,91,56,66,188,79,188,79,0,13,404,547,269,531,135,199,0,13,0,13,0,13,31,55
1400000US13121008601,13121008601,"Census Tract 86.01, Fulton County, Georgia",4721,596,4634,596,3675,553,940,136,198,70,742,134,284,105,1718,313,1591,304,63,57,64,59,271,139,162,133,80,74,27,39,0,13,81,73,112,79,0,13,66,63,28,35,6,10,12,19,959,363,576,122,303,107,200,82,103,63,273,83,256,76,17,28,383,293,75,71,44,49,51,45,46,73,167,186,87,81
1400000US13121008602,13121008602,"Census Tract 86.02, Fulton County, Georgia",1717,347,1714,347,1385,376,334,89,152,84,182,58,96,55,702,224,674,224,0,13,28,31,120,87,69,86,46,49,0,13,0,13,0,13,18,24,0,13,0,13,18,24,0,13,0,13,329,105,271,85,141,72,96,64,45,38,130,64,130,64,0,13,58,50,40,44,0,13,18,27,0,13,0,13,3,2
1400000US13121008700,13121008700,"Census Tract 87, Fulton County, Georgia",4787,583,4780,583,3800,589,1077,149,215,74,862,141,329,94,1653,413,1588,400,52,45,13,20,164,104,59,61,87,66,0,13,0,13,322,193,109,82,30,49,8,13,29,27,0,13,42,60,980,261,814,143,263,103,228,97,35,41,551,130,511,121,40,47,166,184,16,25,138,180,12,18,0,13,0,13,7,13
1400000US13121008800,13121008800,"Census Tract 88, Fulton County, Georgia",5452,660,5384,661,3771,700,1110,192,622,185,488,155,825,172,1447,388,1418,389,13,21,16,27,64,88,22,33,0,19,0,19,0,19,266,207,37,36,19,30,10,16,8,13,0,19,0,19,1613,433,894,163,509,144,235,101,274,130,385,101,285,97,100,57,719,359,36,37,434,348,206,105,0,19,43,49,68,41
1400000US13121008902,13121008902,"Census Tract 89.02, Fulton County, Georgia",6095,554,6091,553,2871,661,973,197,622,163,351,165,892,185,835,295,819,295,16,26,0,19,13,23,53,63,0,19,0,19,0,19,105,119,0,19,0,19,0,19,0,19,0,19,0,19,3220,465,2335,251,1198,233,848,225,350,163,1137,225,993,233,144,94,885,357,107,115,590,309,108,68,0,19,80,83,4,4
1400000US13121008903,13121008903,"Census Tract 89.03, Fulton County, Georgia",2123,406,2123,406,1348,389,373,91,224,86,149,93,161,72,389,165,381,165,8,15,0,13,19,28,166,118,129,198,0,13,0,13,81,94,30,41,0,13,24,39,6,11,0,13,0,13,775,228,487,142,288,138,203,118,85,55,199,86,141,78,58,43,288,146,13,21,244,145,31,27,0,13,0,13,0,13
1400000US13121008904,13121008904,"Census Tract 89.04, Fulton County, Georgia",5014,459,5014,459,3186,468,923,117,434,120,489,115,633,99,1453,360,1392,375,0,19,61,70,0,19,37,42,65,68,0,19,0,19,49,53,26,32,13,23,0,19,13,22,0,19,0,19,1828,241,1448,171,597,175,453,151,144,71,851,170,765,167,86,56,380,131,23,39,278,127,56,45,0,19,23,36,0,19
1400000US13121009000,13121009000,"Census Tract 90, Fulton County, Georgia",4318,394,4318,394,3281,389,981,112,659,108,322,95,880,96,1407,228,1363,232,44,57,0,13,0,13,13,20,0,13,0,13,0,13,0,13,0,13,0,13,0,13,0,13,0,13,0,13,1037,228,692,138,322,120,156,72,166,90,370,100,276,87,94,42,345,119,0,13,212,95,133,73,0,13,0,13,0,13
1400000US13121009101,13121009101,"Census Tract 91.01, Fulton County, Georgia",4572,522,4462,511,2259,566,906,228,405,153,501,200,793,228,395,121,363,116,32,37,0,13,0,13,0,13,0,13,0,13,0,13,80,126,85,108,62,101,23,35,0,13,0,13,0,13,2203,309,1809,253,822,218,694,213,128,98,987,216,829,197,158,80,394,161,0,13,172,113,205,102,0,13,17,26,110,194
1400000US13121009102,13121009102,"Census Tract 91.02, Fulton County, Georgia",3415,322,3261,312,1425,293,483,109,291,112,192,73,443,97,471,120,471,120,0,13,0,13,0,13,0,13,0,13,0,13,0,13,0,13,28,37,0,13,0,13,8,14,0,13,20,36,1836,302,1499,212,760,182,672,195,88,78,739,172,600,165,139,78,337,171,76,95,174,104,87,72,0,13,0,13,154,95
1400000US13121009200,13121009200,"Census Tract 92, Fulton County, Georgia",5469,638,5466,638,2487,651,813,183,485,139,328,117,644,165,840,369,840,369,0,19,0,19,0,19,23,38,0,19,0,19,0,19,38,43,129,140,0,19,19,31,84,107,0,19,26,45,2979,362,2244,240,1425,229,1069,184,356,119,819,193,689,193,130,66,735,227,23,37,509,216,176,89,0,19,27,45,3,3
1400000US13121009300,13121009300,"Census Tract 93, Fulton County, Georgia",4232,362,4232,362,2374,364,919,160,590,136,329,118,840,155,532,96,508,94,0,13,24,39,0,13,14,24,0,13,0,13,0,13,20,32,49,71,0,13,0,13,0,13,0,13,49,71,1858,332,1439,221,682,180,616,169,66,53,757,184,584,138,173,124,419,189,87,128,278,195,41,38,0,13,13,21,0,13
1400000US13121009402,13121009402,"Census Tract 94.02, Fulton County, Georgia",4960,598,4960,598,2333,632,623,160,398,126,225,110,381,139,400,182,400,182,0,13,0,13,0,13,244,179,18,28,0,13,0,13,389,285,278,206,0,13,233,188,45,42,0,13,0,13,2627,447,1652,204,994,190,621,157,373,122,658,149,543,145,115,58,975,335,213,212,553,290,209,96,0,13,0,13,0,13
1400000US13121009403,13121009403,"Census Tract 94.03, Fulton County, Georgia",5035,757,5035,757,1864,710,595,191,222,110,373,173,391,161,521,339,521,339,0,19,0,19,9,28,173,200,54,81,0,19,0,19,56,73,65,91,45,72,20,47,0,19,0,19,0,19,3171,556,2181,262,1067,229,696,201,371,160,1114,195,945,180,169,103,990,390,292,220,475,310,196,130,27,41,0,19,0,19
1400000US13121009404,13121009404,"Census Tract 94.04, Fulton County, Georgia",4565,567,4565,567,2223,414,744,152,527,146,217,104,582,113,610,169,521,196,20,32,69,83,15,26,180,150,25,38,26,40,0,13,15,25,26,32,0,13,0,13,26,32,0,13,0,13,2342,502,1586,200,642,216,384,168,258,148,944,185,808,183,136,81,756,407,0,13,635,416,121,71,0,13,0,13,0,13
1400000US13121009501,13121009501,"Census Tract 95.01, Fulton County, Georgia",3955,385,3955,385,3404,423,1209,154,966,157,243,109,1121,144,916,213,860,221,56,68,0,13,0,13,41,66,78,110,0,13,0,13,0,13,39,62,39,62,0,13,0,13,0,13,0,13,551,179,521,165,256,130,246,131,10,16,265,102,250,95,15,24,30,38,0,13,0,13,9,16,0,13,21,35,0,13
1400000US13121009502,13121009502,"Census Tract 95.02, Fulton County, Georgia",3026,412,2799,387,960,304,410,112,209,97,201,104,292,92,223,180,223,180,0,13,0,13,18,29,17,27,0,13,0,13,0,13,0,13,0,13,0,13,0,13,0,13,0,13,0,13,1839,361,1583,255,716,234,589,218,127,99,867,220,846,222,21,24,256,221,2,10,160,143,45,45,0,13,49,79,227,156
1400000US13121009601,13121009601,"Census Tract 96.01, Fulton County, Georgia",2291,358,2291,358,1071,377,396,141,257,119,139,85,355,139,284,193,284,193,0,13,0,13,0,13,27,40,0,13,0,13,0,13,9,18,0,13,0,13,0,13,0,13,0,13,0,13,1220,346,868,183,258,92,228,85,30,37,610,162,416,150,194,137,352,219,26,45,317,220,9,17,0,13,0,13,0,13
1400000US13121009602,13121009602,"Census Tract 96.02, Fulton County, Georgia",4551,382,4525,381,2576,478,927,179,500,158,427,140,829,177,734,200,709,210,0,13,25,41,0,13,0,13,30,49,0,13,0,13,35,50,21,34,0,13,0,13,21,34,0,13,0,13,1949,300,1647,252,765,176,613,164,152,82,882,191,819,186,63,58,302,119,117,117,99,96,86,55,0,13,0,13,26,19
1400000US13121009603,13121009603,"Census Tract 96.03, Fulton County, Georgia",3635,375,3635,375,1885,374,566,138,478,129,88,74,467,99,760,153,731,135,29,45,0,13,0,13,52,85,0,13,0,13,0,13,25,42,15,24,0,13,15,24,0,13,0,13,0,13,1750,329,1457,234,649,201,558,194,91,70,808,162,718,162,90,75,293,175,52,82,198,135,43,44,0,13,0,13,0,13
1400000US13121009700,13121009700,"Census Tract 97, Fulton County, Georgia",4175,276,4175,276,3640,317,1140,98,681,104,459,91,1081,105,1338,184,1293,189,26,31,19,18,0,13,40,37,0,13,23,34,0,13,9,15,9,16,0,13,0,13,0,13,0,13,9,16,535,108,464,98,183,75,145,75,38,35,281,88,246,91,35,30,71,49,0,13,0,13,71,49,0,13,0,13,0,13
1400000US13121009801,13121009801,"Census Tract 98.01, Fulton County, Georgia",4270,467,4184,465,3589,486,1150,139,669,134,481,99,1076,156,1363,236,1326,241,0,13,37,59,0,13,0,13,0,13,0,13,0,13,0,13,0,13,0,13,0,13,0,13,0,13,0,13,595,118,595,118,155,64,155,64,0,13,440,106,440,106,0,13,0,13,0,13,0,13,0,13,0,13,0,13,86,69
1400000US13121009802,13121009802,"Census Tract 98.02, Fulton County, Georgia",4148,278,4145,278,3231,345,1097,113,703,126,394,125,973,109,1106,175,1027,156,17,27,62,91,0,13,27,42,28,45,0,13,0,13,0,13,0,13,0,13,0,13,0,13,0,13,0,13,914,185,757,137,392,133,282,128,110,73,365,113,336,106,29,32,157,90,0,13,65,75,92,56,0,13,0,13,3,7
1400000US13121009900,13121009900,"Census Tract 99, Fulton County, Georgia",4516,353,4516,353,3281,361,1047,133,699,128,348,106,981,128,1210,153,1198,150,0,13,12,20,0,13,0,13,18,28,25,38,0,13,0,13,0,13,0,13,0,13,0,13,0,13,0,13,1235,289,901,156,417,136,290,116,127,76,484,121,430,121,54,42,334,212,0,13,178,213,102,75,0,13,54,50,0,13
1400000US13121010001,13121010001,"Census Tract 100.01, Fulton County, Georgia",3984,363,3984,363,2380,398,835,176,553,172,282,103,723,170,795,137,682,197,62,64,51,74,9,17,0,13,18,36,0,13,0,13,0,13,0,13,0,13,0,13,0,13,0,13,0,13,1604,213,1459,205,514,144,391,148,123,71,945,219,945,219,0,13,145,83,57,55,0,13,88,67,0,13,0,13,0,13
1400000US13121010002,13121010002,"Census Tract 100.02, Fulton County, Georgia",6904,513,6872,515,5551,512,1796,183,1257,214,539,155,1572,200,2089,255,2001,254,52,61,36,45,0,19,33,49,0,19,0,19,36,55,25,39,0,19,0,19,0,19,0,19,0,19,0,19,1321,313,1091,234,490,162,364,142,126,97,601,177,568,173,33,31,230,149,35,40,119,131,61,51,0,19,15,25,32,21
1400000US13121010106,13121010106,"Census Tract 101.06, Fulton County, Georgia",3950,406,3950,406,3170,469,1098,136,781,119,317,125,945,116,991,267,932,257,0,13,59,64,0,13,0,13,17,26,0,13,0,13,100,88,19,29,0,13,0,13,0,13,0,13,19,29,780,173,665,142,250,101,234,98,16,21,415,117,363,113,52,40,115,73,0,13,104,71,11,17,0,13,0,13,0,13
1400000US13121010107,13121010107,"Census Tract 101.07, Fulton County, Georgia",1903,161,1883,161,1784,176,620,54,456,70,164,59,566,60,559,105,526,107,22,22,11,12,18,19,0,13,0,13,6,11,0,13,0,13,15,21,15,21,0,13,0,13,0,13,0,13,99,60,73,37,22,21,15,18,7,12,51,32,46,32,5,7,26,37,0,13,22,37,4,7,0,13,0,13,20,36
1400000US13121010108,13121010108,"Census Tract 101.08, Fulton County, Georgia",3889,313,3889,313,3691,339,1213,89,843,106,370,98,1163,90,1184,184,1176,183,8,14,0,13,0,13,0,13,18,29,0,13,0,13,15,24,98,97,0,13,57,90,0,13,0,13,41,36,198,77,192,75,95,62,95,62,0,13,97,56,91,56,6,10,6,11,0,13,0,13,6,11,0,13,0,13,0,13
1400000US13121010110,13121010110,"Census Tract 101.10, Fulton County, Georgia",4643,631,4638,631,2992,702,1077,226,576,147,501,189,684,158,768,205,758,205,10,17,0,13,6,15,160,113,57,65,9,19,0,13,163,232,68,81,8,20,54,75,6,15,0,13,0,13,1646,305,1404,239,560,173,528,177,32,42,844,195,736,192,108,70,242,156,22,34,134,136,71,55,0,13,15,24,5,7
1400000US13121010113,13121010113,"Census Tract 101.13, Fulton County, Georgia",7077,960,7006,963,4754,1201,1317,223,582,178,735,218,987,221,1733,785,1672,778,14,28,47,57,0,19,93,100,111,186,0,19,0,19,377,282,136,155,0,19,22,36,99,152,0,19,15,25,2252,583,1455,313,790,258,422,175,368,225,665,288,510,253,155,123,797,379,31,55,510,350,239,145,0,19,17,28,71,28
1400000US13121010114,13121010114,"Census Tract 101.14, Fulton County, Georgia",6224,791,6224,791,3882,978,1115,218,600,142,515,191,941,204,1521,586,1509,585,12,19,0,19,0,19,0,19,0,19,118,112,0,19,122,107,65,65,29,44,0,19,15,27,0,19,21,34,2342,413,1677,249,731,191,362,147,369,143,946,238,794,238,152,115,665,253,0,19,314,207,281,142,0,19,70,101,0,19
1400000US13121010115,13121010115,"Census Tract 101.15, Fulton County, Georgia",2458,253,2297,232,1925,240,627,79,487,97,140,80,580,84,628,140,555,138,58,73,15,73,41,60,0,13,9,14,0,13,0,13,40,48,0,13,0,13,0,13,0,13,0,13,0,13,372,164,279,109,114,92,73,69,41,53,165,73,136,66,29,31,93,77,43,52,29,43,21,36,0,13,0,13,161,104
1400000US13121010117,13121010117,"Census Tract 101.17, Fulton County, Georgia",2872,362,2869,363,1595,425,543,142,201,92,342,129,321,115,487,180,458,176,0,13,29,34,70,84,123,110,31,45,0,13,0,13,0,13,20,26,0,13,0,13,20,26,0,13,0,13,1274,251,958,151,401,124,323,113,78,56,557,132,466,123,91,70,316,155,32,52,190,126,70,51,0,13,24,39,3,5
1400000US13121010118,13121010118,"Census Tract 101.18, Fulton County, Georgia",5018,643,5018,643,3619,734,1103,192,649,175,454,153,565,165,1203,312,1176,312,8,13,19,32,40,67,207,130,105,100,0,19,29,47,190,285,177,118,0,19,0,19,177,118,0,19,0,19,1399,347,1038,207,576,155,426,137,150,101,462,133,349,124,113,94,361,203,0,19,295,196,66,72,0,19,0,19,0,19
1400000US13121010119,13121010119,"Census Tract 101.19, Fulton County, Georgia",5152,673,5071,668,4216,706,1152,187,391,173,761,187,518,211,2099,405,1984,416,95,125,20,33,55,87,80,104,120,116,0,19,0,19,109,123,83,107,0,19,0,19,83,107,0,19,0,19,855,295,696,200,249,127,213,114,36,38,447,160,418,149,29,35,159,172,0,19,128,172,31,26,0,19,0,19,81,79
1400000US13121010120,13121010120,"Census Tract 101.20, Fulton County, Georgia",2102,334,2102,334,1411,391,474,116,150,78,324,120,326,117,323,152,229,147,8,12,86,85,38,59,81,80,71,57,0,13,0,13,0,13,98,88,0,13,0,13,0,13,26,45,72,78,691,177,557,124,258,100,236,95,22,24,299,116,205,92,94,74,134,77,0,13,15,25,110,72,0,13,9,16,0,13
1400000US13121010121,13121010121,"Census Tract 101.21, Fulton County, Georgia",1972,188,1966,188,1096,221,437,89,196,77,241,84,424,102,235,61,235,61,0,13,0,13,0,13,0,13,0,13,0,13,0,13,0,13,0,13,0,13,0,13,0,13,0,13,0,13,870,164,747,136,187,81,133,83,54,49,560,139,508,134,52,50,123,67,0,13,15,25,108,62,0,13,0,13,6,5
1400000US13121010122,13121010122,"Census Tract 101.22, Fulton County, Georgia",5402,429,5402,429,3377,495,1245,185,658,169,587,155,1094,189,880,256,857,254,0,19,23,38,0,19,73,71,19,31,0,19,0,19,66,106,0,19,0,19,0,19,0,19,0,19,0,19,2025,365,1553,218,869,216,712,215,157,89,684,194,576,181,108,75,472,231,59,91,250,195,131,82,0,19,32,51,0,19
1400000US13121010123,13121010123,"Census Tract 101.23, Fulton County, Georgia",4518,755,4500,753,3488,761,1056,205,537,143,519,180,688,175,1207,353,1147,351,0,13,60,75,122,143,97,155,114,108,19,30,0,13,38,63,147,172,0,13,122,150,25,40,0,13,0,13,1012,259,819,228,215,178,153,177,62,51,604,207,560,201,44,44,193,132,42,66,70,67,26,30,0,13,55,88,18,14
1400000US13121010204,13121010204,"Census Tract 102.04, Fulton County, Georgia",5153,281,5153,281,4848,338,1587,103,945,106,642,124,1488,109,1689,212,1598,218,47,37,44,54,0,19,22,35,0,19,13,20,0,19,10,15,39,35,14,22,0,19,18,22,0,19,7,13,305,100,282,93,182,80,167,80,15,16,100,50,100,50,0,19,23,25,0,19,12,18,0,19,0,19,11,18,0,19
1400000US13121010205,13121010205,"Census Tract 102.05, Fulton County, Georgia",5069,486,5069,486,3939,495,1235,159,731,130,504,123,989,141,1269,194,1251,186,18,27,0,19,74,94,116,90,103,116,0,19,0,19,0,19,153,113,0,19,126,115,27,30,0,19,0,19,1130,186,990,141,338,114,232,118,106,86,652,165,633,163,19,30,140,107,0,19,30,46,110,90,0,19,0,19,0,19
1400000US13121010206,13121010206,"Census Tract 102.06, Fulton County, Georgia",4985,346,4985,346,4377,319,1444,104,1019,136,425,94,1358,110,1464,219,1342,225,63,54,59,53,0,13,80,110,21,32,0,13,0,13,0,13,10,16,0,13,0,13,0,13,0,13,10,16,608,189,461,118,113,60,72,48,41,33,348,100,280,81,68,63,147,103,0,13,65,77,82,64,0,13,0,13,0,13
1400000US13121010208,13121010208,"Census Tract 102.08, Fulton County, Georgia",3661,433,3661,433,2360,466,878,157,498,152,380,109,702,147,591,155,563,153,0,13,28,46,0,13,120,137,23,27,27,34,0,13,0,13,19,30,0,13,0,13,0,13,0,13,19,30,1301,239,1146,187,388,119,316,126,72,65,758,167,711,166,47,43,155,111,0,13,93,93,62,55,0,13,0,13,0,13
1400000US13121010209,13121010209,"Census Tract 102.09, Fulton County, Georgia",4998,571,4998,571,2804,587,975,195,444,158,531,198,627,144,958,322,958,322,0,13,0,13,48,58,88,116,0,13,19,30,0,13,0,13,89,81,0,13,0,13,17,28,0,13,72,82,2194,361,1799,231,1006,225,834,219,172,88,793,241,743,241,50,40,395,241,0,13,215,215,158,82,0,13,22,36,0,13
1400000US13121010210,13121010210,"Census Tract 102.10, Fulton County, Georgia",5234,560,5234,560,4409,598,1554,194,860,150,694,195,1180,144,1324,256,1148,260,41,41,135,143,17,25,80,81,26,41,0,19,0,19,121,161,107,124,0,19,0,19,28,44,0,19,79,111,825,234,614,161,160,77,69,40,91,67,454,158,399,151,55,59,211,132,0,19,112,117,99,86,0,19,0,19,0,19
1400000US13121010211,13121010211,"Census Tract 102.11, Fulton County, Georgia",3806,451,3806,451,3256,495,907,105,407,101,500,121,702,109,1212,247,1137,267,75,80,0,13,14,21,55,89,72,81,91,81,19,31,46,74,138,119,0,13,74,81,34,39,0,13,30,47,550,183,429,118,156,79,135,69,21,33,273,112,183,88,90,73,121,91,0,13,0,13,106,77,0,13,15,33,0,13
1400000US13121010212,13121010212,"Census Tract 102.12, Fulton County, Georgia",5025,625,5025,625,3753,689,1107,181,554,155,553,135,780,191,1282,317,1207,310,0,19,75,82,0,19,173,144,62,102,0,19,24,39,236,221,89,96,50,63,39,66,0,19,0,19,0,19,1272,374,826,177,570,172,389,150,181,104,256,96,245,98,11,18,446,275,0,19,331,238,115,93,0,19,0,19,0,19
1400000US13121010301,13121010301,"Census Tract 103.01, Fulton County, Georgia",15719,1089,15641,1099,14076,1171,3946,311,1844,337,2102,278,2328,359,6441,729,6183,673,88,73,170,122,445,241,215,148,155,100,7,12,0,21,242,170,297,266,30,42,124,132,99,68,23,31,21,29,1565,398,1451,333,524,246,524,246,0,21,927,236,822,194,105,115,114,122,0,21,0,21,92,115,0,21,22,35,78,48
1400000US13121010303,13121010303,"Census Tract 103.03, Fulton County, Georgia",9247,944,9243,944,7955,1101,2231,238,1096,209,1135,243,1415,203,3012,599,2837,616,66,76,109,133,395,259,218,173,189,164,11,18,0,19,244,197,240,213,211,195,0,19,29,39,0,19,0,19,1288,357,1029,261,486,189,323,174,163,129,543,170,509,171,34,33,259,171,25,41,134,148,100,109,0,19,0,19,4,4
1400000US13121010304,13121010304,"Census Tract 103.04, Fulton County, Georgia",12516,1103,12513,1099,10668,1163,2880,277,1363,286,1517,281,2045,265,4356,614,3990,600,254,188,112,92,557,275,249,157,71,62,113,103,22,34,186,155,189,152,84,108,50,81,55,58,0,21,0,21,1845,418,1452,306,631,210,495,208,136,92,821,253,656,225,165,122,393,197,123,106,115,122,122,97,0,21,33,51,3,20
1400000US13121010400,13121010400,"Census Tract 104, Fulton County, Georgia",8118,666,8050,657,7078,675,2044,173,1069,169,975,175,1480,189,2782,496,2611,456,56,51,115,119,114,75,149,112,113,106,24,38,47,40,231,169,94,54,28,34,0,19,57,38,0,19,9,11,972,235,907,231,369,126,333,126,36,30,538,175,538,175,0,19,65,44,8,11,16,25,21,23,0,19,20,30,68,46
1400000US13121010507,13121010507,"Census Tract 105.07, Fulton County, Georgia",7166,767,7129,764,5816,820,1612,241,485,175,1127,217,462,159,2619,522,2467,470,141,191,11,17,262,158,275,183,229,146,0,19,0,19,278,203,79,71,22,36,0,19,32,36,0,19,25,43,1313,331,1163,250,683,184,620,172,63,77,480,150,421,143,59,63,150,122,60,90,40,44,50,67,0,19,0,19,37,20
1400000US13121010508,13121010508,"Census Tract 105.08, Fulton County, Georgia",3743,574,3741,574,3290,627,900,130,270,97,630,129,359,103,1520,391,1396,372,55,56,69,64,168,99,53,67,115,125,0,13,0,13,125,63,50,42,0,13,0,13,41,41,9,15,0,13,451,149,346,99,86,51,86,51,0,13,260,87,210,81,50,33,105,83,0,13,89,80,16,18,0,13,0,13,2,4
1400000US13121010510,13121010510,"Census Tract 105.10, Fulton County, Georgia",16407,1528,16395,1527,13945,1682,3815,444,1141,244,2674,436,1691,380,6625,1217,6323,1210,154,126,148,104,578,420,369,227,306,186,0,21,0,21,444,220,117,92,0,21,40,68,47,52,0,21,30,36,2450,452,2211,352,1016,279,915,260,101,110,1195,249,1103,247,92,82,239,171,42,87,52,52,145,119,0,21,0,21,12,9
1400000US13121010511,13121010511,"Census Tract 105.11, Fulton County, Georgia",8425,899,8375,900,7324,893,2042,187,820,172,1222,194,1065,197,2904,461,2811,452,20,35,73,72,419,348,323,233,209,198,0,19,0,19,193,139,169,152,0,19,0,19,29,37,28,33,112,140,1051,329,716,176,223,88,172,78,51,44,493,167,379,144,114,97,335,216,19,31,246,184,30,36,0,19,40,62,50,18
1400000US13121010512,13121010512,"Census Tract 105.12, Fulton County, Georgia",5939,758,5939,758,5092,790,1441,223,468,183,973,201,512,163,2415,492,2324,478,0,19,91,92,207,132,129,98,15,24,0,19,0,19,143,91,230,165,43,66,0,19,32,35,0,19,155,151,847,209,847,209,348,141,348,141,0,19,499,167,499,167,0,19,0,19,0,19,0,19,0,19,0,19,0,19,0,19
1400000US13121010513,13121010513,"Census Tract 105.13, Fulton County, Georgia",13102,1050,13052,1058,10713,1099,2821,266,937,238,1884,239,1359,213,4405,640,3983,554,224,200,198,191,406,226,337,240,362,166,40,64,10,17,664,368,309,184,0,21,43,51,181,117,65,103,20,32,2339,432,1710,304,676,228,483,200,193,116,1034,231,833,202,201,119,629,258,57,90,199,151,151,121,0,21,222,209,50,31
1400000US13121010514,13121010514,"Census Tract 105.14, Fulton County, Georgia",11351,1015,11244,1015,10153,1056,2748,254,1219,282,1529,283,1718,262,3933,678,3660,612,22,34,251,172,562,363,145,121,245,205,60,78,113,131,317,174,312,183,0,21,52,63,154,95,0,21,106,98,1091,274,967,235,396,157,395,157,1,5,571,192,479,181,92,69,124,101,55,90,14,23,55,44,0,21,0,21,107,49
1400000US13121010515,13121010515,"Census Tract 105.15, Fulton County, Georgia",4765,613,4618,612,3369,762,972,197,336,164,636,166,476,175,1363,408,1204,447,11,19,148,117,76,88,132,112,72,75,0,13,0,13,246,163,32,49,0,13,0,13,32,49,0,13,0,13,1249,355,927,197,289,132,193,101,96,90,638,163,562,148,76,75,322,229,110,128,98,109,114,79,0,13,0,13,147,94
1400000US13121010516,13121010516,"Census Tract 105.16, Fulton County, Georgia",7654,826,7643,827,6352,871,1788,219,567,169,1221,237,929,200,2999,678,2736,697,16,27,247,204,196,142,69,72,108,114,0,19,0,19,176,143,87,80,18,32,0,19,69,74,0,19,0,19,1291,348,1040,248,290,163,154,110,136,118,750,209,689,202,61,81,251,171,84,129,0,19,126,119,0,19,41,71,11,12
1400000US13121010601,13121010601,"Census Tract 106.01, Fulton County, Georgia",3441,572,3441,572,2863,599,736,114,208,72,528,124,231,76,1117,368,1080,362,0,13,37,43,308,251,85,87,61,69,0,13,19,30,244,251,62,64,0,13,0,13,31,43,0,13,31,48,578,135,550,132,202,84,202,84,0,13,348,107,333,108,15,18,28,34,15,26,8,14,5,9,0,13,0,13,0,13
1400000US13121010603,13121010603,"Census Tract 106.03, Fulton County, Georgia",2854,523,2812,521,1943,583,521,146,155,96,366,129,278,130,977,349,782,275,106,135,89,101,48,64,0,13,0,13,0,13,0,13,119,121,0,13,0,13,0,13,0,13,0,13,0,13,869,267,629,180,331,140,262,128,69,42,298,128,206,91,92,80,240,116,69,81,55,64,92,80,0,13,24,44,42,39
1400000US13121010604,13121010604,"Census Tract 106.04, Fulton County, Georgia",3229,564,3206,567,2415,601,646,145,248,97,398,145,262,88,1013,337,954,329,48,68,11,18,89,78,187,131,25,38,0,13,0,13,94,99,99,79,23,34,0,13,76,70,0,13,0,13,791,226,623,181,353,129,316,135,37,43,270,104,203,87,67,53,168,117,44,63,78,120,46,39,0,13,0,13,23,19
1400000US13121010800,13121010800,"Census Tract 108, Fulton County, Georgia",6437,20,6423,21,5027,394,1332,134,581,146,751,193,780,154,1892,385,1830,385,62,72,0,19,328,282,81,79,156,132,0,19,30,18,218,190,210,126,36,21,38,45,58,58,0,19,78,97,1396,395,1080,267,618,224,512,206,106,70,462,180,445,184,17,28,316,247,40,64,178,213,39,45,0,19,59,86,14,6
1400000US13121011000,13121011000,"Census Tract 110, Fulton County, Georgia",3337,429,3251,429,2490,434,631,93,125,56,506,88,201,81,1162,235,1154,232,8,13,0,13,163,83,126,94,27,31,0,13,0,13,99,85,81,61,13,20,33,48,26,28,9,14,0,13,761,252,481,102,226,82,106,52,120,71,255,69,237,68,18,20,280,176,19,32,231,169,30,26,0,13,0,13,86,68
1400000US13121011100,13121011100,"Census Tract 111, Fulton County, Georgia",2246,311,2246,311,1309,342,478,128,159,82,319,99,196,72,491,188,428,164,28,31,35,49,99,99,29,30,0,13,0,13,0,13,0,13,16,28,0,13,0,13,0,13,0,13,16,28,937,216,626,114,410,105,246,102,164,63,216,79,188,79,28,24,311,151,62,59,122,132,99,47,0,13,28,40,0,13
1400000US13121011201,13121011201,"Census Tract 112.01, Fulton County, Georgia",3706,723,3706,723,3046,762,870,180,377,143,493,168,374,126,1277,400,1215,382,6,10,56,67,123,97,108,101,40,49,0,13,43,71,23,36,188,109,0,13,74,72,114,80,0,13,0,13,660,150,629,146,332,126,325,125,7,12,297,103,277,104,20,26,31,30,0,13,0,13,20,26,0,13,11,19,0,13
1400000US13121011202,13121011202,"Census Tract 112.02, Fulton County, Georgia",5333,713,5286,712,4521,719,1156,154,272,96,884,148,442,127,1846,364,1822,364,10,17,14,23,207,152,100,86,137,102,54,74,0,19,307,181,272,241,20,34,8,14,26,27,35,52,183,192,765,192,618,151,429,116,327,101,102,64,189,90,170,88,19,18,147,77,22,39,26,41,77,59,13,21,9,13,47,14
1400000US13121011301,13121011301,"Census Tract 113.01, Fulton County, Georgia",4796,546,4440,486,3768,504,1069,118,408,121,661,129,524,110,1496,351,1261,312,151,90,84,79,276,146,90,81,40,38,0,13,9,18,132,98,132,77,0,13,51,79,81,67,0,13,0,13,672,148,637,131,282,96,268,92,14,22,355,99,345,99,10,16,35,40,20,31,0,13,0,13,0,13,15,24,356,183
1400000US13121011303,13121011303,"Census Tract 113.03, Fulton County, Georgia",8007,701,7993,701,6604,810,2081,244,897,220,1184,253,1036,204,2375,489,2283,492,71,72,21,34,282,183,339,180,233,157,23,38,39,47,137,111,59,63,0,19,0,19,59,63,0,19,0,19,1389,336,1162,236,530,170,450,152,80,90,632,196,555,176,77,77,227,174,50,78,135,132,42,70,0,19,0,19,14,5
1400000US13121011305,13121011305,"Census Tract 113.05, Fulton County, Georgia",4864,739,4864,739,3803,771,959,187,250,111,709,181,347,105,1603,445,1554,432,0,13,49,80,34,55,243,189,326,303,0,13,0,13,246,194,45,52,0,13,0,13,17,30,0,13,28,44,1061,345,728,185,487,161,383,135,104,78,241,98,184,83,57,47,333,236,13,20,79,75,118,86,0,13,123,163,0,13
1400000US13121011306,13121011306,"Census Tract 113.06, Fulton County, Georgia",2520,429,2515,429,1846,476,537,125,237,77,300,117,172,75,787,277,703,258,0,13,84,83,117,118,53,51,57,61,0,13,0,13,57,79,66,60,0,13,0,13,66,60,0,13,0,13,669,206,535,146,245,117,192,108,53,51,290,115,226,99,64,65,134,98,46,74,0,13,88,67,0,13,0,13,5,5
1400000US13121011405,13121011405,"Census Tract 114.05, Fulton County, Georgia",7577,715,7524,716,6295,809,1757,205,1072,216,685,196,1149,204,1851,363,1798,335,39,70,14,83,140,136,138,136,27,41,9,20,18,30,723,473,483,282,43,64,234,209,92,91,0,19,114,180,1229,263,1137,237,606,169,543,164,63,59,531,157,520,157,11,18,92,80,14,22,43,72,35,37,0,19,0,19,53,29
1400000US13121011410,13121011410,"Census Tract 114.10, Fulton County, Georgia",7146,777,7140,778,6480,842,1957,192,1176,207,781,161,1627,190,2148,379,2104,369,41,52,3,18,58,65,242,232,365,250,0,19,36,47,0,19,47,51,0,19,25,40,22,27,0,19,0,19,660,178,610,158,227,83,199,79,28,32,383,125,366,121,17,27,50,48,0,19,0,19,30,34,0,19,20,33,6,3
1400000US13121011411,13121011411,"Census Tract 114.11, Fulton County, Georgia",6555,618,6555,618,5265,639,1799,158,1148,190,651,160,1468,161,1686,380,1520,384,98,91,68,64,44,49,0,19,0,19,13,22,29,45,57,59,169,195,126,189,21,36,22,34,0,19,0,19,1290,316,1005,154,396,159,320,131,76,93,609,178,519,179,90,101,285,227,0,19,134,148,96,107,0,19,55,87,0,19
1400000US13121011412,13121011412,"Census Tract 114.12, Fulton County, Georgia",8708,597,8694,594,7368,669,2187,190,1338,210,849,193,1637,233,2991,424,2823,398,114,119,54,55,56,52,109,136,62,63,52,62,88,93,141,143,45,55,0,19,0,19,0,19,24,43,21,35,1326,309,1015,209,548,164,402,152,146,99,467,186,406,174,61,52,311,177,69,109,82,79,120,79,0,19,40,61,14,11
1400000US13121011414,13121011414,"Census Tract 114.14, Fulton County, Georgia",7579,521,7565,520,6307,637,2068,195,1302,202,766,187,1477,213,2323,344,2057,341,82,66,184,180,0,19,172,137,70,72,0,19,0,19,28,44,169,107,0,19,0,19,130,83,0,19,39,48,1258,257,1028,199,555,176,433,156,122,84,473,174,436,170,37,43,230,136,26,43,146,122,58,46,0,19,0,19,14,9
1400000US13121011416,13121011416,"Census Tract 114.16, Fulton County, Georgia",5390,332,5376,332,4734,392,1586,117,902,158,684,155,1514,117,1604,275,1557,269,18,29,29,43,22,30,0,19,0,19,0,19,0,19,0,19,8,14,0,19,0,19,8,14,0,19,0,19,642,161,504,115,157,77,86,56,71,54,347,101,305,92,42,42,138,72,29,47,0,19,65,45,0,19,44,45,14,25
1400000US13121011417,13121011417,"Census Tract 114.17, Fulton County, Georgia",4025,298,3974,300,3061,352,965,119,547,112,418,129,848,121,965,165,915,146,20,32,30,59,0,13,92,92,54,94,26,45,0,13,0,13,111,69,0,13,36,53,29,43,0,13,46,46,913,181,871,164,212,124,212,124,0,13,659,153,629,142,30,34,42,47,0,13,21,35,8,13,0,13,13,21,51,27
1400000US13121011418,13121011418,"Census Tract 114.18, Fulton County, Georgia",6013,370,5802,359,5204,428,1711,141,1131,156,580,145,1444,138,1828,325,1799,325,0,19,29,34,0,19,0,19,147,112,0,19,0,19,52,63,22,36,0,19,0,19,22,36,0,19,0,19,598,160,545,135,254,108,219,104,35,56,291,106,274,102,17,28,53,59,0,19,0,19,53,59,0,19,0,19,211,88
1400000US13121011419,13121011419,"Census Tract 114.19, Fulton County, Georgia",5372,429,5349,429,4399,444,1461,138,952,144,509,143,1207,151,1394,232,1109,187,254,148,31,34,34,41,58,62,124,100,0,19,0,19,97,69,24,28,0,19,0,19,24,28,0,19,0,19,950,191,861,156,210,95,179,87,31,33,651,124,619,116,32,40,89,72,0,19,32,49,57,56,0,19,0,19,23,22
1400000US13121011420,13121011420,"Census Tract 114.20, Fulton County, Georgia",7682,821,7682,821,6551,890,1445,177,749,177,696,183,901,207,2660,517,2563,523,0,19,97,98,14,22,256,137,97,103,15,24,0,19,594,385,569,254,0,19,217,212,190,94,0,19,162,144,1131,355,769,175,498,164,307,138,191,121,271,102,259,106,12,20,362,239,0,19,204,171,98,70,0,19,60,100,0,19
1400000US13121011421,13121011421,"Census Tract 114.21, Fulton County, Georgia",3745,429,3741,429,2772,532,890,132,450,127,440,124,443,116,1080,306,1080,306,0,13,0,13,46,69,56,63,46,52,0,13,0,13,90,108,121,95,0,13,75,84,46,48,0,13,0,13,969,260,662,146,344,107,279,97,65,59,318,118,225,100,93,62,307,161,29,47,172,122,49,38,0,13,57,65,4,3
1400000US13121011422,13121011422,"Census Tract 114.22, Fulton County, Georgia",4115,436,4028,430,3307,543,1030,147,575,148,455,144,819,137,1420,363,1334,368,44,51,42,51,0,13,38,47,0,13,0,13,0,13,0,13,0,13,0,13,0,13,0,13,0,13,0,13,721,235,603,166,174,123,126,97,48,54,429,131,396,133,33,53,118,113,0,13,101,109,17,26,0,13,0,13,87,47
1400000US13121011423,13121011423,"Census Tract 114.23, Fulton County, Georgia",4869,436,4863,436,4382,451,1388,139,903,138,485,133,1246,136,1678,301,1339,269,152,152,187,160,31,42,25,37,0,13,0,13,0,13,0,13,14,25,0,13,0,13,0,13,0,13,14,25,481,145,420,124,177,81,135,74,42,35,243,97,231,94,12,19,61,45,0,13,0,13,47,40,0,13,14,22,6,5
1400000US13121011424,13121011424,"Census Tract 114.24, Fulton County, Georgia",5351,409,5351,409,4503,551,1420,183,1019,159,401,125,1175,184,1479,247,1393,232,19,30,67,53,77,79,25,44,185,107,25,39,0,19,18,28,99,142,0,19,55,78,44,63,0,19,0,19,848,235,730,186,354,141,267,117,87,87,376,113,360,114,16,26,118,85,21,42,23,36,74,82,0,19,0,19,0,19
1400000US13121011425,13121011425,"Census Tract 114.25, Fulton County, Georgia",7041,450,7041,450,6732,490,1961,118,1460,168,501,141,1786,133,2569,291,2518,290,23,35,28,42,0,19,176,170,182,177,0,19,0,19,0,19,58,71,0,19,41,69,8,14,0,19,9,15,309,186,201,100,89,71,33,38,56,60,112,75,83,62,29,46,108,104,0,19,0,19,50,53,0,19,58,86,0,19
1400000US13121011426,13121011426,"Census Tract 114.26, Fulton County, Georgia",2320,288,2320,288,2103,317,603,63,433,93,170,79,549,69,874,250,796,252,18,27,60,62,0,13,0,13,0,13,77,97,0,13,0,13,0,13,0,13,0,13,0,13,0,13,0,13,217,110,159,62,70,41,56,37,14,22,89,47,73,43,16,25,58,70,0,13,0,13,29,33,0,13,29,45,0,13
1400000US13121011427,13121011427,"Census Tract 114.27, Fulton County, Georgia",6667,551,6627,551,5689,630,1922,192,1244,210,678,172,1798,177,1878,327,1686,300,8,14,184,160,12,22,0,19,42,47,0,19,21,33,16,25,0,19,0,19,0,19,0,19,0,19,0,19,938,244,738,163,180,86,136,72,44,38,558,146,477,138,81,60,200,127,0,19,55,82,63,54,0,19,82,98,40,66
1400000US13121011503,13121011503,"Census Tract 115.03, Fulton County, Georgia",8597,534,8586,532,8048,618,2424,173,1697,250,727,220,2272,187,3168,335,3071,325,86,74,11,27,21,35,70,112,30,38,0,19,12,21,13,22,38,48,10,17,0,19,8,20,0,19,20,33,538,183,484,162,102,97,102,97,0,19,382,140,335,131,47,56,54,62,0,19,0,19,33,51,0,19,21,36,11,19
1400000US13121011504,13121011504,"Census Tract 115.04, Fulton County, Georgia",12314,763,12314,763,11903,790,3316,182,2263,228,1053,203,3108,181,5017,527,4865,530,91,64,61,59,132,105,0,21,153,106,129,150,0,21,20,32,28,33,0,21,0,21,17,27,0,21,11,18,411,156,386,152,226,118,202,121,24,26,160,101,160,101,0,21,25,28,0,21,0,21,25,28,0,21,0,21,0,21
1400000US13121011505,13121011505,"Census Tract 115.05, Fulton County, Georgia",4547,288,4510,285,4241,333,1206,89,860,115,346,84,1144,106,1740,166,1671,176,13,21,56,62,0,13,0,13,58,59,41,51,0,13,52,80,0,13,0,13,0,13,0,13,0,13,0,13,269,118,204,83,51,40,14,21,37,35,153,69,140,66,13,21,65,51,0,13,0,13,24,26,0,13,41,46,37,33
1400000US13121011506,13121011506,"Census Tract 115.06, Fulton County, Georgia",6220,334,6217,334,5834,353,1773,93,1178,167,595,137,1634,116,2079,230,1884,245,85,83,110,93,71,66,76,64,56,56,44,49,24,35,44,44,33,40,0,19,0,19,21,32,12,23,0,19,383,85,372,84,96,65,87,64,9,10,276,71,276,71,0,19,11,12,0,19,4,7,7,10,0,19,0,19,3,4
1400000US13121011610,13121011610,"Census Tract 116.10, Fulton County, Georgia",5002,430,4995,431,4177,451,1347,125,776,141,571,151,985,125,1704,291,1606,250,0,19,98,125,0,19,38,40,68,73,29,44,0,19,0,19,6,10,0,19,0,19,0,19,0,19,6,10,818,239,583,128,319,103,254,105,65,65,264,93,176,75,88,71,235,169,41,61,98,114,96,76,0,19,0,19,7,12
1400000US13121011611,13121011611,"Census Tract 116.11, Fulton County, Georgia",6491,704,6441,704,5105,813,1662,228,950,195,712,201,1278,188,1608,357,1532,367,22,36,54,87,0,19,151,162,159,107,50,80,0,19,156,135,41,46,0,19,0,19,41,46,0,19,0,19,1336,292,1149,219,517,185,396,164,121,110,632,169,599,168,33,33,187,139,0,19,105,128,74,73,0,19,8,14,50,21
1400000US13121011612,13121011612,"Census Tract 116.12, Fulton County, Georgia",3196,309,3196,309,3021,330,958,94,674,113,284,104,854,102,1062,188,869,159,11,18,182,124,48,62,11,26,40,54,30,42,0,13,0,13,18,29,0,13,0,13,0,13,0,13,18,29,175,74,175,74,65,67,65,67,0,13,110,63,110,63,0,13,0,13,0,13,0,13,0,13,0,13,0,13,0,13
1400000US13121011613,13121011613,"Census Tract 116.13, Fulton County, Georgia",6394,839,6394,839,6040,870,1709,187,990,197,719,174,1484,209,2451,509,2364,496,33,39,54,50,0,19,40,47,179,165,21,40,0,19,143,151,13,22,0,19,0,19,0,19,0,19,13,22,354,138,293,104,141,68,102,57,39,37,152,83,142,82,10,17,61,55,0,19,42,45,19,25,0,19,0,19,0,19
1400000US13121011614,13121011614,"Census Tract 116.14, Fulton County, Georgia",13517,777,13509,777,11547,907,3996,321,2252,363,1744,279,2904,352,4135,515,3993,515,33,44,109,76,16,26,216,147,128,93,0,21,0,21,76,101,76,80,0,21,0,21,57,73,0,21,19,32,1962,379,1707,304,973,289,823,279,150,102,734,217,657,211,77,53,255,140,0,21,46,64,209,117,0,21,0,21,8,7
1400000US13121011615,13121011615,"Census Tract 116.15, Fulton County, Georgia",9399,664,9389,664,8832,637,2632,184,1716,215,916,210,2427,183,3343,384,3271,384,23,37,49,45,13,20,228,203,61,68,67,82,0,19,0,19,61,60,0,19,26,41,35,41,0,19,0,19,557,197,459,144,191,106,123,87,68,55,268,95,265,95,3,7,98,96,5,13,45,73,44,44,0,19,4,11,10,6
1400000US13121011616,13121011616,"Census Tract 116.16, Fulton County, Georgia",5028,680,5007,682,3617,678,1238,210,583,144,655,201,770,179,1432,382,1432,382,0,19,0,19,0,19,47,78,0,19,0,19,0,19,34,50,96,98,0,19,0,19,96,98,0,19,0,19,1390,582,926,224,473,170,372,161,101,85,453,154,453,154,0,19,464,502,22,38,301,306,0,19,0,19,141,202,21,22
1400000US13121011617,13121011617,"Census Tract 116.17, Fulton County, Georgia",7110,457,7110,457,6096,553,1772,145,1265,146,507,165,1699,154,2284,313,2124,332,109,84,51,61,11,19,17,26,236,214,25,37,0,19,9,15,43,44,12,22,12,20,9,15,0,19,10,16,1014,198,880,158,370,116,290,111,80,64,510,129,495,129,15,25,134,96,38,62,36,44,60,62,0,19,0,19,0,19
1400000US13121011618,13121011618,"Census Tract 116.18, Fulton County, Georgia",4053,365,4053,365,3666,418,1052,139,774,191,278,115,954,150,1591,194,1487,199,29,36,75,69,24,29,0,13,11,20,13,24,0,13,10,20,11,20,11,20,0,13,0,13,0,13,0,13,387,129,354,114,141,122,141,122,0,13,213,80,186,67,27,42,33,50,0,13,0,13,33,50,0,13,0,13,0,13
1400000US13121011619,13121011619,"Census Tract 116.19, Fulton County, Georgia",7002,884,6999,885,5655,1098,1662,306,1011,312,651,216,1341,282,2293,542,2293,542,0,19,0,19,93,120,92,99,79,75,31,55,23,39,0,19,41,53,0,19,0,19,12,20,0,19,29,48,1344,353,1141,271,555,183,434,163,121,107,586,194,537,187,49,57,203,139,0,19,91,81,112,117,0,19,0,19,3,7
1400000US13121011620,13121011620,"Census Tract 116.20, Fulton County, Georgia",9486,534,9484,534,8879,624,2591,163,1678,243,913,217,2127,158,3243,328,2908,349,192,140,143,117,45,70,449,452,268,176,63,62,17,28,34,57,42,50,0,19,21,34,0,19,0,19,21,35,605,218,522,170,310,125,250,125,60,61,212,101,212,101,0,19,83,89,0,19,25,43,58,60,0,19,0,19,2,2
1400000US13121011621,13121011621,"Census Tract 116.21, Fulton County, Georgia",6544,526,6544,526,5743,671,1601,208,1166,218,435,136,1491,187,2378,357,2153,335,58,53,167,100,7,15,0,19,134,158,17,27,0,19,115,137,0,19,0,19,0,19,0,19,0,19,0,19,801,225,788,218,264,149,251,149,13,22,524,154,524,154,0,19,13,24,0,19,0,19,13,24,0,19,0,19,0,19
1400000US13121011622,13121011622,"Census Tract 116.22, Fulton County, Georgia",10003,585,10003,585,9827,620,2799,158,1945,214,854,214,2530,165,3929,317,3864,316,65,61,0,21,37,40,39,62,213,192,110,97,13,21,94,91,63,84,13,20,0,21,0,21,0,21,50,81,176,108,176,108,55,52,55,52,0,21,121,93,121,93,0,21,0,21,0,21,0,21,0,21,0,21,0,21,0,21
1400000US13121011623,13121011623,"Census Tract 116.23, Fulton County, Georgia",12400,1029,12397,1029,11325,1104,3204,210,2017,307,1187,239,2905,235,4937,801,4817,790,88,68,32,26,24,38,0,21,25,41,106,102,29,46,0,21,95,108,49,72,0,21,46,72,0,21,0,21,1072,309,823,196,320,135,205,89,115,100,503,182,481,177,22,36,249,194,0,21,114,129,78,74,0,21,57,92,3,5
1400000US13121011624,13121011624,"Census Tract 116.24, Fulton County, Georgia",4364,276,4364,276,4201,334,1151,91,869,117,282,90,1094,97,1903,222,1834,223,51,67,18,30,0,13,0,13,53,55,0,13,0,13,0,13,0,13,0,13,0,13,0,13,0,13,0,13,163,173,95,90,85,90,48,70,37,56,10,16,10,16,0,13,68,102,0,13,0,13,34,51,0,13,34,51,0,13
1400000US13121011625,13121011625,"Census Tract 116.25, Fulton County, Georgia",7926,677,7891,683,7231,777,1904,186,1264,203,640,225,1670,192,3087,443,2997,438,18,29,72,64,54,56,87,103,249,146,172,114,8,21,0,19,0,19,0,19,0,19,0,19,0,19,0,19,660,274,541,196,223,145,152,115,71,89,318,190,304,185,14,23,119,144,0,19,85,138,34,39,0,19,0,19,35,53
1400000US13121011626,13121011626,"Census Tract 116.26, Fulton County, Georgia",7823,614,7823,614,7201,736,2017,212,1309,191,708,179,1669,210,3121,383,3002,363,28,46,91,111,98,125,30,36,110,103,53,52,0,19,58,68,45,72,10,16,27,44,0,19,0,19,8,38,622,213,577,207,307,203,276,203,31,39,270,114,256,116,14,23,45,45,0,19,0,19,45,45,0,19,0,19,0,19
1400000US13121011800,13121011800,"Census Tract 118, Fulton County, Georgia",3372,575,3367,575,1734,571,371,119,121,71,250,85,95,74,696,264,676,268,0,13,20,31,217,238,103,84,0,13,0,13,0,13,193,136,59,53,0,13,45,49,14,26,0,13,0,13,1633,349,865,146,486,127,281,106,205,83,379,126,210,85,169,98,768,267,104,94,590,259,64,50,0,13,10,15,5,5
1400000US13121011900,13121011900,"Census Tract 119, Fulton County, Georgia",2031,444,1670,263,431,184,146,54,91,45,55,38,64,36,110,87,110,87,0,13,0,13,0,13,27,34,36,37,0,13,0,13,20,33,28,34,0,13,19,32,9,16,0,13,0,13,1239,231,974,151,637,139,514,134,123,92,337,112,285,107,52,38,265,148,10,15,207,142,45,36,0,13,3,11,361,336
1400000US13121012000,13121012000,"Census Tract 120, Fulton County, Georgia",2616,367,2582,368,1611,374,484,99,160,85,324,96,130,64,670,250,670,250,0,13,0,13,136,99,89,70,14,21,5,10,0,13,18,28,65,67,0,13,23,37,42,45,0,13,0,13,971,321,702,134,431,114,362,104,69,59,271,88,234,80,37,43,269,232,0,13,231,233,38,35,0,13,0,13,34,19
1400000US13121012300,13121012300,"Census Tract 123, Fulton County, Georgia",2320,311,2260,305,1564,327,522,104,247,74,275,89,266,90,619,198,578,189,10,15,31,34,42,40,61,49,11,18,0,13,17,25,17,25,9,14,0,13,0,13,9,14,0,13,0,13,696,176,589,135,308,121,301,120,7,11,281,96,207,81,74,58,107,85,0,13,54,78,35,31,0,13,18,20,60,68
1400000US13121980000,13121980000,"Census Tract 9800, Fulton County, Georgia",0,13,0,13,0,13,0,13,0,13,0,13,0,13,0,13,0,13,0,13,0,13,0,13,0,13,0,13,0,13,0,13,0,13,0,13,0,13,0,13,0,13,0,13,0,13,0,13,0,13,0,13,0,13,0,13,0,13,0,13,0,13,0,13,0,13,0,13,0,13,0,13,0,13,0,13
1400000US13123080100,13123080100,"Census Tract 801, Gilmer County, Georgia",3947,390,3947,390,3172,421,1149,144,770,122,379,100,960,141,734,205,645,197,77,93,12,15,87,72,28,33,0,13,0,13,16,27,101,94,97,78,0,13,0,13,52,43,0,13,45,59,775,237,594,146,396,125,310,113,86,58,198,82,152,64,46,56,181,133,0,13,0,13,117,75,0,13,64,72,0,13
1400000US13123080200,13123080200,"Census Tract 802, Gilmer County, Georgia",5363,542,5310,545,4493,491,1651,216,1003,208,648,176,1262,186,1122,235,1055,240,29,47,38,39,109,84,57,66,80,74,14,26,0,19,73,102,125,129,14,25,0,19,54,49,0,19,57,91,817,302,589,164,374,141,262,131,112,81,215,97,202,94,13,20,228,206,0,19,31,44,108,85,0,19,89,131,53,28
1400000US13123080300,13123080300,"Census Tract 803, Gilmer County, Georgia",6710,568,6609,555,5311,544,1689,173,955,195,734,147,1335,159,1854,363,1766,345,0,19,88,73,43,38,51,46,107,80,0,19,16,24,129,77,87,47,0,19,4,6,67,44,0,19,16,16,1298,361,856,181,417,157,201,83,216,129,439,103,388,97,51,50,442,236,0,19,172,139,125,99,0,19,145,127,101,65
1400000US13123080400,13123080400,"Census Tract 804, Gilmer County, Georgia",8281,691,8269,697,7037,750,2273,272,1193,261,1080,245,1830,253,2499,450,2074,389,0,19,425,393,68,54,127,94,67,71,0,19,23,39,59,55,91,104,0,19,0,19,26,32,0,19,65,93,1232,377,900,234,520,191,410,152,110,86,380,180,323,174,57,70,332,221,0,19,234,197,98,100,0,19,0,19,12,24
1400000US13123080500,13123080500,"Census Tract 805, Gilmer County, Georgia",3931,380,3872,389,3265,423,1112,165,714,148,398,121,890,165,1059,208,949,225,0,13,110,96,88,71,0,13,22,34,0,13,0,13,0,13,94,54,0,13,0,13,78,59,0,13,16,34,607,211,457,140,238,110,153,85,85,68,219,97,195,94,24,27,150,115,26,41,0,13,73,64,0,13,51,61,59,53
1400000US13125010100,13125010100,"Census Tract 101, Glascock County, Georgia",3082,*****,2992,75,2644,121,863,95,519,82,344,74,704,101,907,138,871,130,11,14,25,26,74,58,0,13,17,23,2,5,18,22,12,18,47,33,0,13,0,13,28,30,0,13,19,22,348,97,319,77,161,60,161,60,0,13,158,50,128,44,30,35,29,40,0,13,0,13,0,13,0,13,29,40,90,75
1400000US13127000101,13127000101,"Census Tract 1.01, Glynn County, Georgia",921,246,921,246,670,252,282,102,142,68,140,71,240,96,110,70,110,70,0,13,0,13,0,13,26,38,0,13,0,13,0,13,3,8,9,14,0,13,0,13,9,14,0,13,0,13,251,102,251,102,104,72,104,72,0,13,147,64,147,64,0,13,0,13,0,13,0,13,0,13,0,13,0,13,0,13
1400000US13127000102,13127000102,"Census Tract 1.02, Glynn County, Georgia",3144,399,3144,399,2016,388,860,161,526,130,334,136,662,135,415,168,415,168,0,13,0,13,21,34,0,13,12,19,0,13,0,13,0,13,46,63,0,13,46,63,0,13,0,13,0,13,1128,232,866,179,173,80,149,68,24,41,693,170,512,165,181,89,262,121,33,52,84,99,79,56,0,13,66,79,0,13
1400000US13127000200,13127000200,"Census Tract 2, Glynn County, Georgia",4755,412,4627,400,3722,378,1440,130,939,137,501,126,1240,134,966,243,870,233,69,57,27,41,53,62,0,13,0,13,23,36,0,13,0,13,0,13,0,13,0,13,0,13,0,13,0,13,905,239,717,150,302,114,234,104,68,56,415,123,359,116,56,63,188,154,0,13,111,150,66,54,0,13,11,19,128,87
1400000US13127000300,13127000300,"Census Tract 3, Glynn County, Georgia",6056,478,6052,477,5289,492,1949,161,1303,174,646,155,1675,188,1287,226,1203,196,21,27,63,64,61,64,86,83,27,43,0,19,39,46,13,21,152,115,30,37,19,29,0,19,0,19,103,105,763,183,656,156,246,123,217,124,29,30,410,136,372,128,38,37,107,89,0,19,0,19,64,48,0,19,43,50,4,6
1400000US13127000401,13127000401,"Census Tract 4.01, Glynn County, Georgia",7550,683,7544,684,6953,721,2318,217,1310,203,1008,208,1662,228,2247,401,2062,415,28,33,157,121,355,260,52,51,72,72,56,76,26,44,67,75,98,104,0,19,0,19,87,98,0,19,11,22,591,221,491,166,226,109,183,93,43,48,265,130,232,118,33,54,100,88,0,19,34,52,52,63,0,19,14,25,6,6
1400000US13127000403,13127000403,"Census Tract 4.03, Glynn County, Georgia",3226,489,3224,489,2941,475,968,146,635,129,333,105,765,130,1085,269,1048,269,37,38,0,13,45,49,0,13,20,32,0,13,15,18,24,30,19,34,19,34,0,13,0,13,0,13,0,13,283,154,283,154,137,104,137,104,0,13,146,118,146,118,0,13,0,13,0,13,0,13,0,13,0,13,0,13,2,5
1400000US13127000404,13127000404,"Census Tract 4.04, Glynn County, Georgia",11159,849,10868,889,9828,980,3035,293,1575,237,1460,305,2442,291,3275,514,3035,564,68,41,172,102,260,151,165,152,65,52,13,22,62,59,151,153,360,169,0,21,35,58,247,144,47,62,31,39,1040,291,810,203,390,153,258,118,132,97,420,127,341,115,79,90,230,132,0,21,17,27,182,125,0,21,31,49,291,247
1400000US13127000501,13127000501,"Census Tract 5.01, Glynn County, Georgia",3686,471,3489,478,2801,479,884,144,366,119,518,136,438,122,989,268,895,261,87,61,7,11,360,166,52,50,12,20,0,13,13,20,0,13,53,60,0,13,0,13,53,60,0,13,0,13,688,188,566,124,303,116,267,110,36,38,263,63,247,64,16,22,122,112,0,13,22,31,27,34,50,82,23,41,197,124
1400000US13127000503,13127000503,"Census Tract 5.03, Glynn County, Georgia",4519,643,4516,643,3470,728,1028,201,460,132,568,181,619,172,1416,424,1404,425,0,13,12,19,119,106,77,106,7,14,0,13,0,13,35,56,169,155,7,12,24,40,98,103,0,13,40,60,1046,322,797,187,310,163,172,95,138,115,487,123,470,126,17,28,249,185,64,91,26,44,39,45,0,13,120,118,3,4
1400000US13127000504,13127000504,"Census Tract 5.04, Glynn County, Georgia",3980,514,3968,513,3081,537,831,152,361,117,470,149,596,147,1178,338,1116,352,53,63,9,14,168,114,40,44,0,13,13,27,69,63,36,55,150,129,0,13,0,13,63,66,0,13,87,100,887,247,725,166,348,147,318,143,30,34,377,150,272,119,105,77,162,119,0,13,92,76,7,11,0,13,63,87,12,11
1400000US13127000600,13127000600,"Census Tract 6, Glynn County, Georgia",5643,757,5639,757,4691,788,1422,214,593,175,829,208,948,167,1818,482,1699,483,0,19,119,138,216,140,0,19,0,19,114,151,0,19,42,51,131,137,13,21,39,64,18,27,0,19,61,81,948,290,839,224,385,143,372,133,13,34,454,166,385,144,69,74,109,110,13,30,20,30,76,105,0,19,0,19,4,4
1400000US13127000700,13127000700,"Census Tract 7, Glynn County, Georgia",7140,805,7052,805,5921,873,1823,265,528,159,1295,231,877,209,2065,432,2017,418,22,27,26,43,290,146,348,298,206,197,17,28,43,53,115,100,137,129,0,19,0,19,43,43,0,19,94,123,1131,215,1077,195,457,141,428,142,29,39,620,131,602,134,18,29,54,59,20,32,21,33,13,22,0,19,0,19,88,35
1400000US13127000800,13127000800,"Census Tract 8, Glynn County, Georgia",3810,472,3343,481,2627,493,674,115,156,66,518,122,264,80,1329,330,1321,328,0,13,8,16,105,77,34,33,0,13,0,13,0,13,96,80,125,128,0,13,0,13,35,46,0,13,90,114,716,185,583,128,340,110,296,104,44,37,243,83,243,83,0,13,133,117,48,75,44,68,21,25,0,13,20,36,467,146
1400000US13127000900,13127000900,"Census Tract 9, Glynn County, Georgia",4472,589,4458,591,4013,608,958,140,445,106,513,116,397,102,1274,340,1266,341,8,14,0,13,420,151,286,145,10,15,0,13,0,13,290,164,378,251,0,13,135,154,85,63,107,165,51,46,445,150,404,129,187,89,136,74,51,48,217,83,217,83,0,13,41,40,0,13,0,13,41,40,0,13,0,13,14,25
1400000US13127001000,13127001000,"Census Tract 10, Glynn County, Georgia",9567,650,9564,651,8746,709,2870,219,1773,264,1097,206,2405,253,2777,430,2287,281,115,78,375,256,215,114,82,60,64,56,110,83,34,47,24,39,165,86,0,19,19,32,78,55,0,19,68,70,818,235,730,201,371,159,324,152,47,61,359,136,333,127,26,31,88,85,46,72,16,27,26,30,0,19,0,19,3,7
1400000US13127990000,13127990000,"Census Tract 9900, Glynn County, Georgia",0,13,0,13,0,13,0,13,0,13,0,13,0,13,0,13,0,13,0,13,0,13,0,13,0,13,0,13,0,13,0,13,0,13,0,13,0,13,0,13,0,13,0,13,0,13,0,13,0,13,0,13,0,13,0,13,0,13,0,13,0,13,0,13,0,13,0,13,0,13,0,13,0,13,0,13
1400000US13129970100,13129970100,"Census Tract 9701, Gordon County, Georgia",5944,522,5941,522,5361,563,1666,165,804,172,862,177,1402,175,1870,354,1645,336,178,165,47,43,195,141,61,59,32,39,0,19,26,41,41,47,68,55,0,19,28,42,20,23,0,19,20,33,580,262,440,159,147,102,102,80,45,63,293,114,230,83,63,81,140,132,0,19,94,108,46,69,0,19,0,19,3,4
1400000US13129970200,13129970200,"Census Tract 9702, Gordon County, Georgia",7132,574,7132,574,6395,669,1729,189,1074,148,655,167,1504,193,2462,455,2259,455,41,50,162,123,412,229,65,65,20,32,4,7,49,53,41,45,109,79,0,19,0,19,25,32,0,19,84,73,737,241,593,173,252,128,203,121,49,46,341,116,295,104,46,46,144,107,0,19,0,19,17,24,0,19,127,102,0,19
1400000US13129970300,13129970300,"Census Tract 9703, Gordon County, Georgia",8690,771,8279,775,7273,842,1967,225,1232,204,735,168,1370,218,2648,462,2448,412,28,36,172,135,229,151,173,113,180,140,53,82,99,118,283,245,271,190,9,17,111,101,12,12,0,19,139,165,1006,293,824,213,389,166,307,136,82,88,435,147,418,145,17,24,182,140,38,60,0,19,0,19,0,19,144,130,411,196
1400000US13129970400,13129970400,"Census Tract 9704, Gordon County, Georgia",4990,424,4979,424,4300,484,1210,140,576,111,634,132,950,146,1646,283,1504,276,124,93,18,27,96,94,118,108,117,86,34,38,0,13,30,42,99,137,0,13,0,13,6,11,93,137,0,13,679,203,550,137,300,109,253,100,47,49,250,85,233,83,17,25,129,115,0,13,90,90,13,21,0,13,26,38,11,7
1400000US13129970500,13129970500,"Census Tract 9705, Gordon County, Georgia",3997,406,3997,406,2858,443,865,121,439,97,426,129,544,132,1031,230,984,223,34,33,13,20,133,77,118,91,0,13,62,58,0,13,12,21,93,66,0,13,36,44,35,35,0,13,22,33,1139,382,654,126,380,104,217,82,163,83,274,92,274,92,0,13,485,327,39,64,118,109,0,13,0,13,328,298,0,13
1400000US13129970600,13129970600,"Census Tract 9706, Gordon County, Georgia",7277,643,7176,628,5824,829,1638,206,935,193,703,191,1193,190,2391,466,2291,438,37,42,63,62,185,115,172,135,104,110,0,19,0,19,131,147,10,16,0,19,0,19,10,16,0,19,0,19,1352,514,801,175,352,143,214,126,138,88,449,130,442,130,7,12,551,429,28,49,298,368,35,39,0,19,190,230,101,96
1400000US13129970700,13129970700,"Census Tract 9707, Gordon County, Georgia",4065,362,4065,362,3595,392,1163,130,859,122,304,102,982,118,1210,258,1160,264,31,32,19,21,106,80,4,7,14,20,29,31,3,5,54,57,30,29,0,13,0,13,19,23,0,13,11,18,470,131,373,94,183,87,165,86,18,21,190,57,158,51,32,26,97,72,0,13,55,60,19,21,0,13,23,35,0,13
1400000US13129970800,13129970800,"Census Tract 9708, Gordon County, Georgia",5734,524,5721,530,4897,533,1400,164,994,151,406,131,1172,147,1871,288,1710,292,72,68,89,57,129,95,41,48,36,55,0,19,65,75,87,61,96,79,0,19,18,29,30,29,48,67,0,19,824,251,599,139,313,117,220,107,93,82,286,103,275,101,11,19,225,183,0,19,123,148,12,20,0,19,90,122,13,20
1400000US13129970900,13129970900,"Census Tract 9709, Gordon County, Georgia",7363,599,7363,599,6266,658,1793,175,1060,126,733,145,1358,127,2431,381,2337,388,0,19,94,78,235,139,43,49,145,134,3,5,80,71,36,47,142,94,49,70,0,19,2,4,0,19,91,75,1097,288,929,227,428,160,365,142,63,63,501,185,475,186,26,28,168,127,3,6,16,28,13,20,0,19,136,124,0,19
1400000US13131950100,13131950100,"Census Tract 9501, Grady County, Georgia",2414,397,2414,397,2164,396,774,117,420,105,354,119,538,98,750,247,729,238,18,24,3,7,58,66,0,13,22,40,0,13,0,13,7,12,15,25,15,25,0,13,0,13,0,13,0,13,250,84,241,82,71,51,71,51,0,13,170,63,161,62,9,12,9,15,0,13,0,13,9,15,0,13,0,13,0,13
1400000US13131950200,13131950200,"Census Tract 9502, Grady County, Georgia",3037,398,2938,403,2641,417,809,118,416,87,393,113,712,126,898,211,875,203,21,25,2,5,151,114,15,21,9,12,0,13,3,5,20,33,24,28,0,13,0,13,24,28,0,13,0,13,297,80,285,77,83,46,78,45,5,7,202,65,193,66,9,13,12,14,8,12,4,6,0,13,0,13,0,13,99,59
1400000US13131950300,13131950300,"Census Tract 9503, Grady County, Georgia",4797,582,4790,582,4418,597,1188,174,405,110,783,167,641,129,1720,247,1679,252,19,24,22,29,306,165,100,84,45,38,0,13,90,77,240,242,88,57,0,13,0,13,72,54,11,18,5,8,372,109,369,108,176,67,173,68,3,6,193,75,193,75,0,13,3,6,0,13,0,13,3,6,0,13,0,13,7,5
1400000US13131950400,13131950400,"Census Tract 9504, Grady County, Georgia",6398,482,6302,472,5164,511,1571,168,871,173,700,162,1079,164,1884,382,1696,364,67,101,121,99,190,185,56,46,10,17,9,16,26,32,103,67,236,163,0,19,16,21,97,95,0,19,123,133,1138,233,997,175,497,148,391,132,106,84,500,146,474,151,26,40,141,113,0,19,20,27,85,72,0,19,36,40,96,44
1400000US13131950500,13131950500,"Census Tract 9505, Grady County, Georgia",6463,524,6461,524,5437,587,1738,198,1046,183,692,177,1311,186,1505,302,1395,315,17,30,93,82,269,124,80,54,58,59,73,88,0,19,301,138,102,99,0,19,27,35,75,88,0,19,0,19,1024,269,752,183,411,147,280,128,131,76,341,112,337,112,4,8,272,156,0,19,224,134,0,19,0,19,48,72,2,5
1400000US13131950600,13131950600,"Census Tract 9506, Grady County, Georgia",1959,283,1956,283,1697,267,621,97,396,84,225,71,474,85,470,151,449,148,0,13,21,26,66,48,13,21,10,13,8,13,2,7,19,21,14,23,0,13,0,13,7,11,0,13,7,14,259,92,223,82,73,40,62,48,11,17,150,68,128,63,22,21,36,30,5,8,0,13,23,21,0,13,8,13,3,3
1400000US13133950100,13133950100,"Census Tract 9501, Greene County, Georgia",2109,270,2088,270,1775,290,614,117,329,101,285,72,478,89,476,166,476,166,0,13,0,13,64,50,15,16,2,4,0,13,8,9,83,60,35,25,4,5,5,8,20,22,0,13,6,9,313,110,275,88,114,48,101,46,13,22,161,72,142,65,19,27,38,42,0,13,16,25,6,12,0,13,16,24,21,19
1400000US13133950200,13133950200,"Census Tract 9502, Greene County, Georgia",2607,264,2538,268,2179,293,674,101,333,77,341,74,427,89,776,172,669,167,4,7,103,54,94,73,46,37,23,22,8,13,0,13,96,60,35,27,0,13,5,9,30,26,0,13,0,13,359,85,316,73,166,65,150,64,16,17,150,48,134,43,16,17,43,33,0,13,7,9,36,32,0,13,0,13,69,34
1400000US13133950301,13133950301,"Census Tract 9503.01, Greene County, Georgia",1651,175,1651,175,1518,187,678,83,505,95,173,80,695,90,145,63,145,63,0,13,0,13,0,13,0,13,0,13,0,13,0,13,0,13,0,13,0,13,0,13,0,13,0,13,0,13,133,86,94,57,70,47,49,37,21,26,24,29,4,9,20,27,39,36,0,13,5,10,34,35,0,13,0,13,0,13
1400000US13133950302,13133950302,"Census Tract 9503.02, Greene County, Georgia",2275,305,2275,305,2055,310,760,109,502,133,258,125,656,104,588,158,431,185,0,13,157,115,28,32,17,34,6,12,0,13,0,13,0,13,0,13,0,13,0,13,0,13,0,13,0,13,220,95,218,94,43,39,43,39,0,13,175,86,173,86,2,7,2,7,0,13,0,13,2,7,0,13,0,13,0,13
1400000US13133950303,13133950303,"Census Tract 9503.03, Greene County, Georgia",4546,352,4421,365,3415,530,1119,188,408,122,711,181,609,144,1177,308,1145,300,26,33,6,10,219,146,23,24,6,10,0,13,23,34,97,93,142,138,18,36,14,25,32,43,0,13,78,109,1006,361,624,167,287,108,245,92,42,61,337,136,266,126,71,65,382,278,23,35,268,315,84,116,0,13,7,10,125,64
1400000US13133950400,13133950400,"Census Tract 9504, Greene County, Georgia",1362,183,1362,183,1256,200,438,66,177,62,261,68,197,60,461,150,418,134,6,9,37,50,58,50,22,18,34,27,0,13,5,8,26,40,15,15,0,13,0,13,9,11,6,9,0,13,106,52,94,45,67,42,60,40,7,10,27,18,27,18,0,13,12,14,7,10,5,9,0,13,0,13,0,13,0,13
1400000US13133950500,13133950500,"Census Tract 9505, Greene County, Georgia",1438,194,1438,194,1252,215,431,76,297,74,134,52,349,71,307,96,301,98,0,13,6,7,106,75,23,24,2,3,0,13,4,7,26,27,4,8,0,13,0,13,0,13,0,13,4,8,186,73,174,65,111,50,99,46,12,18,63,35,63,35,0,13,12,17,0,13,0,13,12,17,0,13,0,13,0,13
1400000US13135050103,13135050103,"Census Tract 501.03, Gwinnett County, Georgia",9785,717,9673,732,8824,792,2630,214,1368,213,1262,192,1928,231,3238,446,3098,445,49,45,91,59,175,113,239,155,135,122,33,38,21,37,153,139,272,138,20,34,58,66,109,80,0,19,85,86,849,221,657,162,324,117,260,112,64,47,333,123,263,112,70,50,192,103,22,35,31,50,107,64,0,19,32,36,112,73
1400000US13135050105,13135050105,"Census Tract 501.05, Gwinnett County, Georgia",4091,543,4088,543,3689,542,924,134,381,124,543,114,551,135,1549,276,1334,258,80,79,135,96,121,57,114,91,52,54,0,13,20,28,116,91,242,192,37,57,94,122,97,75,0,13,14,23,399,139,346,114,128,63,90,47,38,38,218,89,218,89,0,13,53,48,0,13,6,11,33,35,0,13,14,23,3,2
1400000US13135050106,13135050106,"Census Tract 501.06, Gwinnett County, Georgia",10389,1145,10380,1145,9282,1278,2442,258,1655,224,787,180,1794,222,3415,661,3227,664,122,115,66,57,57,66,273,155,299,176,22,29,23,36,468,285,489,394,134,211,217,252,105,102,0,21,33,52,1098,360,911,262,497,202,420,169,77,71,414,148,383,146,31,36,187,157,25,40,131,147,31,37,0,21,0,21,9,17
1400000US13135050107,13135050107,"Census Tract 501.07, Gwinnett County, Georgia",6754,862,6754,862,6339,880,1760,180,957,206,803,227,1450,191,2484,446,2342,414,11,18,131,131,63,63,166,192,80,93,41,46,0,19,226,217,69,61,0,19,23,39,46,47,0,19,0,19,415,149,381,135,216,94,193,90,23,26,165,88,154,85,11,18,34,33,0,19,0,19,34,33,0,19,0,19,0,19
1400000US13135050108,13135050108,"Census Tract 501.08, Gwinnett County, Georgia",10180,868,10180,868,9736,890,2653,175,1786,206,867,175,2489,181,4242,682,3972,689,134,150,136,121,34,55,104,79,100,109,69,83,0,21,36,42,9,18,0,21,0,21,0,21,0,21,9,18,444,137,397,119,90,69,78,64,12,21,307,111,277,105,30,35,47,44,0,21,0,21,32,37,0,21,15,25,0,21
1400000US13135050109,13135050109,"Census Tract 501.09, Gwinnett County, Georgia",6605,724,6592,723,5929,763,1717,257,973,211,744,220,1184,213,2581,398,2506,387,65,53,10,18,53,57,116,124,96,69,12,19,27,30,53,48,90,62,0,19,0,19,40,38,0,19,50,48,663,248,473,153,329,137,187,109,142,102,144,71,126,76,18,23,190,128,0,19,65,89,88,84,0,19,37,43,13,7
1400000US13135050205,13135050205,"Census Tract 502.05, Gwinnett County, Georgia",4262,375,4259,376,3735,393,1204,137,894,136,310,113,790,142,1297,236,1251,237,0,13,46,58,79,64,76,79,23,35,57,74,0,13,27,43,182,93,0,13,102,94,69,59,0,13,11,22,524,162,438,126,168,72,132,64,36,42,270,105,237,94,33,41,86,73,0,13,15,22,32,41,0,13,39,59,3,3
1400000US13135050208,13135050208,"Census Tract 502.08, Gwinnett County, Georgia",6641,425,6641,425,5561,605,1503,184,872,193,631,185,1155,234,2250,333,2169,329,0,19,81,67,28,42,131,98,98,114,33,56,42,62,128,107,193,135,0,19,49,75,40,68,0,19,104,101,1080,324,709,170,361,131,155,105,206,98,348,136,318,126,30,40,371,217,84,99,61,70,110,79,0,19,116,173,0,19
1400000US13135050209,13135050209,"Census Tract 502.09, Gwinnett County, Georgia",9494,861,9494,861,8062,1027,2280,274,1555,342,725,199,1839,308,2966,617,2808,577,29,47,129,112,115,110,34,53,135,103,0,19,65,67,323,409,305,275,191,264,64,71,32,36,0,19,18,28,1432,302,1262,260,486,171,385,159,101,82,776,221,749,219,27,31,170,117,30,42,71,80,54,46,0,19,15,24,0,19
1400000US13135050210,13135050210,"Census Tract 502.10, Gwinnett County, Georgia",6032,686,5965,690,5141,750,1676,231,955,199,721,208,1261,232,1843,434,1809,433,14,24,20,25,63,88,0,19,53,56,131,167,0,19,80,108,34,35,0,19,0,19,34,35,0,19,0,19,824,228,639,177,284,139,230,131,54,38,355,119,251,110,104,81,185,95,0,19,23,28,147,84,0,19,15,22,67,36
1400000US13135050211,13135050211,"Census Tract 502.11, Gwinnett County, Georgia",5176,692,5173,692,4293,752,1345,203,635,186,710,187,816,208,1486,397,1478,395,0,19,8,13,85,136,82,90,31,40,52,65,0,19,181,144,215,172,0,19,0,19,132,105,0,19,83,135,880,290,633,181,258,117,155,91,103,72,375,163,277,137,98,97,247,160,0,19,111,135,87,80,0,19,49,56,3,4
1400000US13135050212,13135050212,"Census Tract 502.12, Gwinnett County, Georgia",12119,626,12119,626,11672,647,3312,197,2217,227,1095,229,3034,207,4918,351,4635,362,168,130,115,80,60,51,72,54,30,38,79,89,18,28,87,106,62,60,0,21,0,21,44,40,0,21,18,28,447,246,292,125,180,112,89,63,91,95,112,62,103,59,9,14,155,142,0,21,118,136,20,22,0,21,17,28,0,21
1400000US13135050213,13135050213,"Census Tract 502.13, Gwinnett County, Georgia",12184,620,12178,620,11649,666,3051,188,2075,271,976,264,2583,217,4770,414,4591,417,128,100,51,49,366,351,115,113,257,191,191,137,50,52,201,143,65,67,9,16,39,56,17,29,0,21,0,21,529,201,379,120,211,104,121,85,90,75,168,77,153,77,15,26,150,132,0,21,22,38,66,58,0,21,62,93,6,12
1400000US13135050214,13135050214,"Census Tract 502.14, Gwinnett County, Georgia",8041,490,8041,490,7486,508,2297,191,1607,194,690,198,1907,241,2800,309,2256,388,60,78,484,387,0,19,19,31,97,92,125,139,16,26,34,51,191,157,0,19,36,56,155,146,0,19,0,19,555,169,519,156,94,77,94,77,0,19,425,145,394,142,31,35,36,41,0,19,0,19,17,28,0,19,19,30,0,19
1400000US13135050215,13135050215,"Census Tract 502.15, Gwinnett County, Georgia",3030,392,3016,391,2454,474,776,123,442,124,334,114,600,131,687,202,664,206,0,13,23,34,0,13,74,79,136,103,20,31,18,27,127,125,16,26,0,13,0,13,2,12,0,13,14,24,562,295,397,138,129,76,129,76,0,13,268,122,170,106,98,120,165,209,0,13,154,209,11,19,0,13,0,13,14,9
1400000US13135050216,13135050216,"Census Tract 502.16, Gwinnett County, Georgia",8361,645,8361,645,7579,754,2151,226,1648,260,503,171,1754,209,2870,422,2680,405,86,96,104,86,197,138,41,54,303,288,27,42,0,19,182,190,54,56,0,19,0,19,28,34,0,19,26,43,782,380,463,158,302,154,170,119,132,102,161,82,161,82,0,19,319,264,0,19,288,260,31,36,0,19,0,19,0,19
1400000US13135050217,13135050217,"Census Tract 502.17, Gwinnett County, Georgia",8913,652,8913,652,7703,804,2378,270,1335,252,1043,251,1888,229,2610,362,2520,364,26,40,64,52,85,111,50,60,350,204,160,146,32,50,86,83,64,55,14,24,0,19,38,49,0,19,12,22,1210,391,950,261,517,266,393,220,124,145,433,156,359,151,74,79,260,194,76,114,63,80,121,138,0,19,0,19,0,19
1400000US13135050218,13135050218,"Census Tract 502.18, Gwinnett County, Georgia",4716,940,4714,940,4341,1049,989,165,502,160,487,163,636,173,1953,543,1849,574,56,85,48,67,257,301,147,229,61,60,74,90,0,13,128,125,96,95,0,13,61,93,35,46,0,13,0,13,373,186,320,149,95,79,87,79,8,14,225,132,196,120,29,46,53,73,0,13,45,72,8,14,0,13,0,13,2,3
1400000US13135050219,13135050219,"Census Tract 502.19, Gwinnett County, Georgia",3382,284,3334,278,2549,269,817,91,394,102,423,114,617,86,864,109,864,109,0,13,0,13,43,48,29,37,57,50,0,13,1,19,94,77,27,36,0,13,10,17,17,29,0,13,0,13,785,187,630,119,212,117,158,104,54,59,418,138,379,123,39,50,155,130,0,13,111,142,44,55,0,13,0,13,48,36
1400000US13135050220,13135050220,"Census Tract 502.20, Gwinnett County, Georgia",6239,589,6239,589,4428,743,1413,239,778,170,635,180,920,204,1678,366,1659,364,2,5,17,28,15,25,134,115,87,72,46,58,0,19,9,16,126,108,0,19,15,28,93,91,0,19,18,31,1811,457,1371,292,633,202,477,168,156,94,738,222,569,201,169,122,440,223,0,19,221,152,173,103,0,19,46,77,0,19
1400000US13135050304,13135050304,"Census Tract 503.04, Gwinnett County, Georgia",5170,636,5170,636,3663,790,890,177,418,126,472,128,514,161,1377,348,1377,348,0,19,0,19,150,184,107,94,86,76,11,18,10,21,169,176,349,187,61,61,51,81,102,68,0,19,135,98,1507,373,999,181,490,134,335,106,155,105,509,141,384,126,125,74,508,256,48,55,328,230,54,56,0,19,78,76,0,19
1400000US13135050306,13135050306,"Census Tract 503.06, Gwinnett County, Georgia",4538,622,4538,622,4293,678,905,120,629,143,276,99,628,121,1914,375,1865,364,14,23,35,42,99,71,170,102,55,60,0,13,73,65,262,169,187,122,17,30,22,36,67,49,0,13,81,93,245,159,148,65,115,61,85,55,30,43,33,20,28,19,5,9,97,113,0,13,77,109,5,9,0,13,15,28,0,13
1400000US13135050308,13135050308,"Census Tract 503.08, Gwinnett County, Georgia",3664,230,3664,230,3547,251,1060,72,766,84,294,84,1000,78,1396,134,1333,148,48,52,15,17,0,13,0,13,42,43,35,42,11,16,3,8,0,13,0,13,0,13,0,13,0,13,0,13,117,73,99,56,57,43,40,31,17,27,42,35,42,35,0,13,18,28,0,13,0,13,18,28,0,13,0,13,0,13
1400000US13135050309,13135050309,"Census Tract 503.09, Gwinnett County, Georgia",8042,552,8042,552,7024,637,2216,179,1469,205,747,155,1847,175,2514,390,2379,375,57,42,78,66,16,17,81,64,114,73,68,52,4,6,88,72,76,54,0,19,33,42,40,41,0,19,3,6,1018,199,919,168,548,141,465,128,83,66,371,135,363,134,8,8,99,70,20,27,8,8,67,66,0,19,4,7,0,19
1400000US13135050310,13135050310,"Census Tract 503.10, Gwinnett County, Georgia",5191,353,5184,352,4103,457,1501,179,822,148,679,163,989,160,1358,241,1260,236,43,47,55,51,36,39,79,76,40,43,0,19,0,19,50,46,50,56,0,19,0,19,34,38,0,19,16,25,1081,234,933,188,383,142,321,131,62,50,550,132,523,125,27,33,148,105,0,19,108,91,0,19,0,19,40,47,7,6
1400000US13135050311,13135050311,"Census Tract 503.11, Gwinnett County, Georgia",2245,246,2173,246,1887,255,608,88,449,71,159,63,559,80,595,93,531,88,39,41,25,32,55,39,15,17,21,25,0,13,0,13,34,40,0,13,0,13,0,13,0,13,0,13,0,13,286,93,265,83,112,58,93,54,19,22,153,61,153,61,0,13,21,23,12,19,0,13,9,14,0,13,0,13,72,32
1400000US13135050313,13135050313,"Census Tract 503.13, Gwinnett County, Georgia",6950,1003,6947,1003,6291,993,1714,234,1173,222,541,140,1363,225,2609,513,2577,507,18,30,14,23,23,36,136,130,54,66,20,31,63,73,120,156,189,146,0,19,82,101,24,29,0,19,83,97,656,355,433,125,191,87,129,69,62,62,242,97,227,95,15,25,223,289,173,283,21,35,29,36,0,19,0,19,3,4
1400000US13135050314,13135050314,"Census Tract 503.14, Gwinnett County, Georgia",9781,1167,9781,1167,8018,1257,2277,313,1352,254,925,238,1504,309,2857,842,2725,826,84,99,48,62,112,99,380,286,74,71,90,87,0,19,594,479,130,91,0,19,27,43,81,70,0,19,22,37,1763,647,981,241,648,232,430,219,218,130,333,142,290,133,43,52,782,539,238,302,204,237,90,72,0,19,250,392,0,19
1400000US13135050315,13135050315,"Census Tract 503.15, Gwinnett County, Georgia",5345,705,5345,705,4076,823,1200,185,542,137,658,142,596,112,1712,458,1635,421,17,28,60,93,130,89,183,116,86,72,0,19,19,27,52,61,98,93,42,67,0,19,19,21,0,19,37,58,1269,307,877,169,549,146,440,130,109,58,328,117,252,93,76,75,392,207,146,170,213,142,0,19,0,19,33,53,0,19
1400000US13135050317,13135050317,"Census Tract 503.17, Gwinnett County, Georgia",2881,512,2881,512,2015,572,576,161,355,141,221,117,328,152,646,282,646,282,0,13,0,13,40,42,96,104,62,81,0,13,15,25,94,120,158,172,53,85,0,13,35,54,0,13,70,107,866,212,762,181,375,167,326,169,49,53,387,182,357,181,30,33,104,87,43,69,28,40,33,39,0,13,0,13,0,13
1400000US13135050318,13135050318,"Census Tract 503.18, Gwinnett County, Georgia",2535,494,2535,494,1767,532,505,116,157,79,348,116,222,77,632,187,621,186,0,13,11,21,41,64,61,79,129,181,0,13,0,13,146,214,31,39,0,13,0,13,15,24,0,13,16,30,768,224,590,115,336,121,301,115,35,42,254,117,185,111,69,82,178,151,0,13,161,150,17,28,0,13,0,13,0,13
1400000US13135050319,13135050319,"Census Tract 503.19, Gwinnett County, Georgia",4783,531,4773,532,4026,614,1038,159,456,140,582,136,722,158,1796,340,1625,318,23,41,148,124,32,31,106,88,38,43,0,13,25,38,71,79,198,118,26,36,86,100,42,32,0,13,44,53,747,314,536,179,337,133,262,118,75,68,199,97,193,96,6,9,211,195,123,158,88,125,0,13,0,13,0,13,10,12
1400000US13135050320,13135050320,"Census Tract 503.20, Gwinnett County, Georgia",4979,555,4977,555,4164,612,963,128,533,159,430,108,575,127,1702,319,1652,317,31,33,19,30,19,29,198,141,116,85,0,13,0,13,101,118,490,241,206,198,226,175,34,36,0,13,24,30,813,475,329,118,253,112,127,87,126,94,76,48,65,50,11,19,484,403,428,401,18,30,12,19,0,13,26,44,2,2
1400000US13135050321,13135050321,"Census Tract 503.21, Gwinnett County, Georgia",4361,303,4361,303,4176,316,1261,70,1038,102,223,76,1230,87,1539,260,1493,261,23,31,23,28,0,13,0,13,57,49,38,44,0,13,20,31,31,45,0,13,0,13,0,13,0,13,31,45,185,91,167,80,66,52,48,45,18,27,101,61,101,61,0,13,18,28,0,13,0,13,18,28,0,13,0,13,0,13
1400000US13135050322,13135050322,"Census Tract 503.22, Gwinnett County, Georgia",4456,243,4456,243,4259,290,1295,82,859,128,436,129,1220,91,1556,169,1492,164,28,45,36,63,55,51,0,13,37,52,0,13,31,35,65,53,0,13,0,13,0,13,0,13,0,13,0,13,197,131,143,78,76,56,40,38,36,42,67,49,67,49,0,13,54,71,0,13,0,13,31,37,0,13,23,35,0,13
1400000US13135050410,13135050410,"Census Tract 504.10, Gwinnett County, Georgia",6005,646,5857,656,5026,724,1301,184,924,183,377,135,1088,183,1848,349,1818,348,25,43,5,10,223,184,53,58,63,60,31,38,13,21,179,128,227,144,37,57,68,93,39,41,0,19,83,72,831,331,552,185,339,136,185,84,154,97,213,101,213,101,0,19,279,182,0,19,231,146,48,61,0,19,0,19,148,79
1400000US13135050415,13135050415,"Census Tract 504.15, Gwinnett County, Georgia",3494,318,3489,318,3101,333,932,93,545,102,387,115,733,83,1075,178,1039,175,27,30,9,14,68,88,25,30,79,57,33,34,0,13,99,101,57,64,0,13,0,13,16,19,0,13,41,60,388,99,340,82,172,67,149,63,23,26,168,66,150,62,18,20,48,39,0,13,18,28,30,29,0,13,0,13,5,6
1400000US13135050416,13135050416,"Census Tract 504.16, Gwinnett County, Georgia",3399,433,3397,433,3102,443,840,100,397,108,443,104,519,102,1544,310,1469,306,43,60,32,29,52,45,21,34,44,46,0,13,11,18,54,54,17,19,0,13,0,13,17,19,0,13,0,13,295,139,203,76,86,59,56,59,30,27,117,55,117,55,0,13,92,98,10,16,21,33,0,13,0,13,61,90,2,3
1400000US13135050417,13135050417,"Census Tract 504.17, Gwinnett County, Georgia",6177,808,6172,809,5148,838,1123,150,707,136,416,132,604,135,2026,411,1862,401,83,101,81,49,130,66,255,148,140,116,0,19,45,28,333,175,492,217,115,117,138,123,125,69,0,19,114,96,1024,324,619,139,339,118,224,94,115,65,280,104,236,93,44,43,405,223,130,123,201,170,74,54,0,19,0,19,5,8
1400000US13135050418,13135050418,"Census Tract 504.18, Gwinnett County, Georgia",7028,1012,7028,1012,5794,1119,1579,256,909,211,670,154,950,218,2124,485,2110,481,14,24,0,19,48,55,364,192,46,74,0,19,26,42,145,176,512,357,228,247,161,215,57,53,0,19,66,102,1234,465,707,185,454,168,265,134,189,106,253,115,234,111,19,22,527,324,132,143,316,253,27,44,0,19,52,85,0,19
1400000US13135050419,13135050419,"Census Tract 504.19, Gwinnett County, Georgia",8119,792,8119,792,7200,931,1620,190,1179,183,441,166,1040,159,3039,486,2932,481,73,117,34,40,283,181,103,76,69,66,44,51,33,35,388,297,581,323,191,204,20,32,176,97,0,19,194,154,919,307,646,170,311,114,190,86,121,91,335,117,271,111,64,60,273,182,143,157,56,67,74,57,0,19,0,19,0,19
1400000US13135050421,13135050421,"Census Tract 504.21, Gwinnett County, Georgia",7904,859,7904,859,6835,967,1718,212,1177,194,541,155,1113,202,2777,580,2588,574,0,19,189,229,26,30,235,140,266,163,35,55,0,19,250,147,415,199,189,173,132,146,78,62,0,19,16,29,1069,328,869,185,487,164,439,150,48,55,382,119,335,109,47,62,200,210,0,19,154,199,46,61,0,19,0,19,0,19
1400000US13135050422,13135050422,"Census Tract 504.22, Gwinnett County, Georgia",8040,789,8037,790,7242,839,1783,171,1044,197,739,173,978,213,3024,506,2853,464,35,55,136,111,189,178,187,110,0,19,0,19,123,100,387,262,571,222,100,157,183,132,150,98,0,19,138,109,795,302,497,142,183,103,106,80,77,67,314,118,292,109,22,35,298,241,127,203,51,59,52,59,0,19,68,78,3,7
1400000US13135050423,13135050423,"Census Tract 504.23, Gwinnett County, Georgia",6872,810,6869,810,5874,922,1600,210,949,213,651,167,813,181,2391,577,2287,558,0,19,104,119,32,55,127,81,210,134,156,228,51,80,177,117,317,159,59,83,14,26,196,104,0,19,48,64,995,294,768,183,295,127,191,103,104,92,473,155,387,133,86,83,227,155,45,72,93,115,89,74,0,19,0,19,3,7
1400000US13135050424,13135050424,"Census Tract 504.24, Gwinnett County, Georgia",7470,1198,7454,1203,6709,1286,1664,240,1043,225,621,200,985,226,2739,663,2648,678,41,79,50,81,53,91,222,154,320,216,40,48,39,66,333,275,314,351,214,337,0,19,100,87,0,19,0,19,745,299,568,158,352,133,262,107,90,91,216,98,208,97,8,15,177,187,0,19,66,90,12,20,0,19,99,162,16,32
1400000US13135050425,13135050425,"Census Tract 504.25, Gwinnett County, Georgia",5622,370,5606,370,5291,416,1513,131,984,123,529,109,1205,122,1821,224,1749,229,20,29,52,43,73,60,164,108,202,125,61,49,54,49,161,142,37,35,0,19,12,20,12,19,0,19,13,21,315,101,292,94,95,47,87,49,8,14,197,76,197,76,0,19,23,40,0,19,23,40,0,19,0,19,0,19,16,12
1400000US13135050426,13135050426,"Census Tract 504.26, Gwinnett County, Georgia",6483,432,6479,432,6085,477,1929,139,1382,131,547,143,1569,146,2194,324,2003,371,9,17,182,202,90,91,44,47,66,82,30,49,46,68,15,28,102,86,10,20,0,19,45,62,0,19,47,47,394,135,345,110,95,57,85,54,10,16,250,103,223,95,27,30,49,45,0,19,18,29,10,16,0,19,21,33,4,4
1400000US13135050427,13135050427,"Census Tract 504.27, Gwinnett County, Georgia",5867,554,5714,536,5222,574,1511,110,882,130,629,123,1243,117,2048,408,1896,391,36,34,116,95,73,61,24,27,91,83,9,15,54,43,89,96,80,64,0,19,0,19,69,64,11,17,0,19,492,140,390,89,177,79,110,76,67,60,213,73,204,70,9,14,102,90,13,20,54,85,22,24,0,19,13,20,153,116
1400000US13135050428,13135050428,"Census Tract 504.28, Gwinnett County, Georgia",6204,495,6204,495,5725,518,1599,99,1184,129,415,100,1406,102,2134,298,2061,297,42,45,31,33,67,62,51,53,112,75,37,36,20,30,242,203,57,69,0,19,29,45,28,35,0,19,0,19,479,122,363,88,142,60,75,51,67,39,221,74,207,75,14,21,116,67,36,40,18,29,46,36,0,19,16,25,0,19
1400000US13135050429,13135050429,"Census Tract 504.29, Gwinnett County, Georgia",6667,486,6665,486,6230,532,1962,130,1440,152,522,112,1770,139,1949,285,1838,274,93,71,18,29,124,94,30,49,124,152,54,61,18,30,134,215,65,62,16,31,10,21,0,19,8,14,31,47,435,206,315,108,75,50,41,38,34,37,240,93,206,84,34,49,120,128,0,19,32,50,12,18,0,19,76,111,2,2
1400000US13135050430,13135050430,"Census Tract 504.30, Gwinnett County, Georgia",5441,477,5420,474,4862,522,1373,136,1027,126,346,103,1025,122,1607,241,1486,219,55,60,66,47,99,78,12,21,192,96,65,54,92,87,204,160,193,134,44,53,0,19,10,16,20,28,119,125,558,136,500,114,260,104,260,104,0,19,240,88,193,75,47,45,58,56,0,19,20,31,38,46,0,19,0,19,21,13
1400000US13135050431,13135050431,"Census Tract 504.31, Gwinnett County, Georgia",7091,858,7082,858,5668,930,1688,267,941,218,747,189,1298,249,2247,429,1989,345,96,128,162,229,57,81,176,174,79,78,58,83,0,19,19,36,46,63,0,19,0,19,46,63,0,19,0,19,1414,426,1067,264,472,187,376,177,96,81,595,212,533,201,62,54,347,293,158,258,86,93,55,56,0,19,48,56,9,6
1400000US13135050432,13135050432,"Census Tract 504.32, Gwinnett County, Georgia",6588,685,6588,685,5654,738,1371,158,890,148,481,109,1079,139,2371,412,2325,406,12,20,34,51,61,57,156,157,106,87,37,56,86,68,280,209,107,67,0,19,29,31,66,59,0,19,12,30,934,512,522,139,167,85,112,69,55,46,355,124,272,93,83,75,412,435,0,19,27,45,59,50,0,19,326,430,0,19
1400000US13135050433,13135050433,"Census Tract 504.33, Gwinnett County, Georgia",2493,334,2493,334,2100,398,584,104,397,124,187,97,472,116,845,223,845,223,0,13,0,13,52,55,11,19,0,13,0,13,60,73,73,71,3,6,0,13,0,13,3,6,0,13,0,13,393,109,343,94,103,74,81,67,22,30,240,73,222,80,18,22,50,45,14,28,0,13,30,31,0,13,6,10,0,13
1400000US13135050434,13135050434,"Census Tract 504.34, Gwinnett County, Georgia",6977,919,6977,919,5041,951,1333,234,751,223,582,194,852,181,2047,616,1913,572,64,88,70,72,14,23,323,240,21,35,0,19,0,19,142,132,309,170,91,112,106,116,112,102,0,19,0,19,1936,698,940,229,691,217,190,119,501,194,249,116,249,116,0,19,996,553,336,482,564,317,96,74,0,19,0,19,0,19
1400000US13135050435,13135050435,"Census Tract 504.35, Gwinnett County, Georgia",3401,677,3396,679,2907,741,776,125,479,134,297,99,509,115,1061,360,952,359,54,66,55,64,87,105,166,195,140,194,0,13,0,13,87,156,81,77,0,13,0,13,81,77,0,13,0,13,489,169,373,128,148,85,90,67,58,55,225,107,196,103,29,35,116,84,0,13,55,79,30,36,0,13,31,48,5,10
1400000US13135050436,13135050436,"Census Tract 504.36, Gwinnett County, Georgia",7734,1168,7720,1163,5901,1030,1564,257,1029,241,535,174,902,194,2201,473,2085,423,11,21,105,110,77,76,205,157,474,363,32,53,0,19,246,134,200,139,57,94,66,60,53,62,0,19,24,37,1819,1018,889,209,349,167,213,127,136,123,540,158,372,102,168,130,930,914,574,871,108,120,142,104,0,19,106,168,14,49
1400000US13135050511,13135050511,"Census Tract 505.11, Gwinnett County, Georgia",10364,929,10362,929,9387,1027,2388,231,1510,222,878,212,1906,238,3608,524,3470,524,67,58,71,51,500,363,160,115,428,229,24,37,127,104,79,78,167,127,0,21,0,21,55,63,0,21,112,106,975,304,779,207,507,173,490,172,17,26,272,100,181,71,91,75,196,163,0,21,87,99,26,28,0,21,83,86,2,3
1400000US13135050520,13135050520,"Census Tract 505.20, Gwinnett County, Georgia",4397,501,4352,497,3782,557,1109,128,531,130,578,121,609,112,1533,283,1492,285,8,12,33,40,36,33,65,75,33,40,0,13,0,13,235,184,162,85,74,70,19,23,29,34,0,13,40,41,570,158,484,117,261,96,238,92,23,32,223,89,193,81,30,32,86,70,0,13,13,20,8,12,0,13,65,65,45,27
1400000US13135050521,13135050521,"Census Tract 505.21, Gwinnett County, Georgia",4355,708,4213,707,3621,714,1078,171,666,137,412,129,627,147,1505,356,1415,347,14,25,76,69,64,77,26,26,9,15,0,13,54,64,66,69,192,127,0,13,6,11,122,92,0,13,64,95,592,185,415,98,264,105,190,71,74,68,151,76,114,67,37,43,177,123,4,8,110,121,60,47,3,13,0,13,142,63
1400000US13135050522,13135050522,"Census Tract 505.22, Gwinnett County, Georgia",4840,623,4826,623,4161,680,1056,125,665,150,391,120,688,117,1473,320,1314,304,80,71,79,85,92,95,138,128,127,167,17,26,34,58,258,242,278,244,113,179,97,155,68,69,0,13,0,13,665,151,579,115,137,90,119,88,18,27,442,109,402,103,40,35,86,71,0,13,17,26,50,45,0,13,19,29,14,11
1400000US13135050523,13135050523,"Census Tract 505.23, Gwinnett County, Georgia",6850,588,6736,561,5573,616,1703,203,744,179,959,214,896,183,2215,343,2209,343,0,19,6,32,88,67,142,111,21,33,12,26,46,51,450,293,0,19,0,19,0,19,0,19,0,19,0,19,1163,285,959,194,491,172,382,145,109,114,468,151,383,144,85,73,204,133,18,30,21,35,165,121,0,19,0,19,114,109
1400000US13135050524,13135050524,"Census Tract 505.24, Gwinnett County, Georgia",4929,735,4847,725,3919,802,1110,186,517,156,593,144,803,180,1613,464,1571,462,33,55,9,22,81,129,28,29,57,92,11,18,5,10,168,152,43,49,0,13,15,24,0,13,0,13,28,30,928,313,751,173,278,107,257,103,21,23,473,155,386,129,87,101,177,198,0,13,115,183,62,69,0,13,0,13,82,74
1400000US13135050525,13135050525,"Census Tract 505.25, Gwinnett County, Georgia",7993,674,7991,674,7371,773,2047,190,996,188,1051,206,1642,205,3147,479,2961,454,102,105,84,104,144,112,31,42,10,20,176,132,0,19,0,19,174,125,0,19,78,79,66,65,0,19,30,38,620,278,408,165,291,149,191,127,100,74,117,72,95,65,22,26,212,161,75,121,87,82,33,37,0,19,17,27,2,3
1400000US13135050526,13135050526,"Census Tract 505.26, Gwinnett County, Georgia",4373,564,4370,563,3646,640,1173,168,512,146,661,161,713,171,1308,330,1234,341,61,63,13,23,94,115,23,34,43,68,25,38,23,37,200,144,44,40,0,13,0,13,44,40,0,13,0,13,724,211,557,153,387,135,253,109,134,72,170,103,170,103,0,13,167,97,0,13,110,89,57,49,0,13,0,13,3,5
1400000US13135050527,13135050527,"Census Tract 505.27, Gwinnett County, Georgia",6712,502,6707,502,6262,616,1695,136,1187,173,508,128,1413,162,2377,369,2283,367,0,19,94,89,154,132,115,150,137,147,128,71,61,59,123,183,59,67,0,19,0,19,35,46,0,19,24,43,445,294,271,127,153,104,91,75,62,73,118,76,103,76,15,26,174,200,0,19,159,202,15,25,0,19,0,19,5,5
1400000US13135050528,13135050528,"Census Tract 505.28, Gwinnett County, Georgia",4904,349,4899,350,4533,425,1249,138,769,122,480,148,895,133,1783,218,1642,198,116,117,25,39,140,86,27,41,255,153,42,51,10,17,113,121,19,27,0,13,0,13,0,13,0,13,19,27,366,130,321,117,206,107,190,110,16,25,115,72,115,72,0,13,45,69,21,32,24,37,0,13,0,13,0,13,5,4
1400000US13135050529,13135050529,"Census Tract 505.29, Gwinnett County, Georgia",4051,446,4019,443,3382,506,943,144,548,153,395,109,734,136,1503,284,1482,287,0,13,21,36,36,43,49,60,43,55,0,13,0,13,16,32,58,71,0,13,0,13,58,71,0,13,0,13,637,314,397,128,164,102,128,92,36,54,233,128,196,119,37,57,240,254,0,13,158,236,40,61,0,13,42,64,32,29
1400000US13135050530,13135050530,"Census Tract 505.30, Gwinnett County, Georgia",5880,443,5878,443,5649,486,1674,133,1090,162,584,139,1415,123,2212,292,1967,256,169,177,76,48,21,33,90,70,146,96,37,48,0,19,0,19,54,47,0,19,15,24,13,25,0,19,26,28,229,100,198,86,77,52,65,50,12,20,121,72,111,72,10,15,31,35,18,29,0,19,13,21,0,19,0,19,2,3
1400000US13135050531,13135050531,"Census Tract 505.31, Gwinnett County, Georgia",7542,595,7542,595,7009,578,1982,142,1049,189,933,189,1323,218,2969,410,2812,428,33,42,124,91,295,162,0,19,88,93,41,53,49,50,159,152,103,85,21,35,39,63,43,46,0,19,0,19,533,359,329,127,176,116,124,96,52,64,153,89,138,87,15,24,204,282,0,19,175,278,29,28,0,19,0,19,0,19
1400000US13135050532,13135050532,"Census Tract 505.32, Gwinnett County, Georgia",7715,668,7712,669,7084,755,2015,190,1002,211,1013,240,1364,219,3079,404,2990,394,41,51,48,60,73,106,83,57,51,51,97,100,45,70,139,158,138,100,0,19,0,19,104,89,0,19,34,38,628,183,607,180,231,142,212,143,19,29,376,131,376,131,0,19,21,28,0,19,0,19,21,28,0,19,0,19,3,7
1400000US13135050533,13135050533,"Census Tract 505.33, Gwinnett County, Georgia",7936,509,7936,509,7263,631,1912,158,1062,190,850,217,1444,195,2636,331,2448,357,88,86,100,112,105,130,185,135,244,164,30,47,16,25,409,318,282,261,60,95,104,165,68,47,0,19,50,79,673,363,452,154,271,154,165,122,106,107,181,83,181,83,0,19,221,260,162,243,0,19,59,72,0,19,0,19,0,19
1400000US13135050534,13135050534,"Census Tract 505.34, Gwinnett County, Georgia",6987,795,6984,796,6118,876,1770,247,669,212,1101,244,797,228,2127,420,2106,406,0,19,21,50,208,153,190,163,278,165,63,76,56,59,369,206,260,275,198,287,15,31,28,50,0,19,19,31,866,298,709,214,385,162,344,156,41,34,324,136,247,121,77,98,157,136,0,19,110,130,11,20,0,19,36,40,3,7
1400000US13135050535,13135050535,"Census Tract 505.35, Gwinnett County, Georgia",6105,511,6099,509,5461,579,1654,191,968,205,686,153,1090,181,1858,345,1730,351,0,19,128,127,74,94,283,136,313,225,0,19,29,47,106,83,54,67,0,19,0,19,17,28,0,19,37,62,638,201,530,165,250,107,226,104,24,37,280,111,241,107,39,39,108,97,0,19,46,77,49,47,0,19,13,21,6,6
1400000US13135050536,13135050536,"Census Tract 505.36, Gwinnett County, Georgia",4933,483,4880,476,3962,546,1035,134,679,129,356,111,859,142,1583,318,1524,317,32,42,27,31,84,79,128,74,24,30,24,37,43,51,148,146,34,45,26,42,0,13,8,14,0,13,0,13,918,317,641,153,356,122,252,99,104,81,285,106,240,99,45,47,277,215,0,13,199,194,78,66,0,13,0,13,53,68
1400000US13135050537,13135050537,"Census Tract 505.37, Gwinnett County, Georgia",4496,902,4496,902,3534,927,1000,225,469,158,531,184,502,147,1487,464,1407,430,80,128,0,13,68,113,33,53,119,111,41,65,0,13,151,124,133,101,0,13,0,13,84,66,0,13,49,82,962,432,641,177,426,173,361,163,65,75,215,91,148,77,67,55,321,329,203,320,36,56,69,68,0,13,13,21,0,13
1400000US13135050538,13135050538,"Census Tract 505.38, Gwinnett County, Georgia",7693,599,7668,598,7187,704,1962,153,1182,215,780,200,1446,203,3310,489,3233,501,16,25,61,67,75,74,136,112,124,131,24,39,0,19,0,19,110,86,23,39,0,19,87,79,0,19,0,19,481,314,248,126,79,73,21,25,58,67,169,104,80,60,89,88,233,209,0,19,120,189,97,84,0,19,16,25,25,15
1400000US13135050539,13135050539,"Census Tract 505.39, Gwinnett County, Georgia",4543,812,4543,812,4104,851,1083,214,706,210,377,109,803,201,1731,451,1683,458,10,17,38,65,109,84,33,47,47,47,48,59,0,13,192,154,58,51,0,13,0,13,50,46,0,13,8,13,439,141,393,139,119,79,119,79,0,13,274,121,241,133,33,39,46,52,0,13,22,35,24,39,0,13,0,13,0,13
1400000US13135050540,13135050540,"Census Tract 505.40, Gwinnett County, Georgia",6705,768,6699,769,5794,841,1607,237,955,213,652,195,1156,208,2569,451,2462,458,77,63,30,41,125,125,35,57,122,107,34,52,0,19,65,80,81,78,0,19,0,19,50,62,0,19,31,49,905,273,721,214,330,134,263,130,67,59,391,165,310,159,81,76,184,110,0,19,42,50,109,85,0,19,33,53,6,6
1400000US13135050541,13135050541,"Census Tract 505.41, Gwinnett County, Georgia",5650,677,5650,677,4629,796,1195,183,456,156,739,213,592,184,1885,425,1779,396,40,62,66,78,129,107,98,96,122,112,62,100,0,19,314,195,232,188,0,19,0,19,122,84,0,19,110,174,1021,337,723,188,352,156,289,144,63,64,371,124,257,90,114,78,298,216,127,137,63,78,108,75,0,19,0,19,0,19
1400000US13135050542,13135050542,"Census Tract 505.42, Gwinnett County, Georgia",4283,561,4278,561,3363,641,1033,185,455,174,578,144,567,169,1316,331,1205,301,0,13,111,145,0,13,23,39,49,75,0,13,31,48,159,147,185,124,73,86,0,13,70,66,0,13,42,68,915,231,827,205,316,144,293,135,23,36,511,197,462,189,49,46,88,68,15,24,15,24,58,46,0,13,0,13,5,7
1400000US13135050543,13135050543,"Census Tract 505.43, Gwinnett County, Georgia",6420,633,6416,633,5815,657,1637,170,1079,178,558,180,1382,164,2360,330,2195,356,0,19,165,139,42,44,0,19,163,106,63,92,10,20,65,85,93,88,38,67,0,19,55,54,0,19,0,19,601,192,528,164,160,106,160,106,0,19,368,125,310,116,58,45,73,59,11,19,28,36,14,24,0,19,20,33,4,6
1400000US13135050544,13135050544,"Census Tract 505.44, Gwinnett County, Georgia",11790,802,11771,802,11060,868,3194,226,2022,248,1172,275,2484,251,4230,622,3910,606,274,193,46,60,79,69,261,172,284,206,42,68,40,47,295,170,151,132,18,29,29,50,104,120,0,21,0,21,711,233,639,204,308,176,300,176,8,13,331,114,280,104,51,60,72,74,0,21,0,21,48,62,0,21,24,38,19,17
1400000US13135050545,13135050545,"Census Tract 505.45, Gwinnett County, Georgia",11238,1006,11234,1006,10172,1081,2580,243,1450,276,1130,225,1558,267,4176,581,4044,583,35,42,97,62,113,88,324,236,373,215,56,68,186,102,685,542,121,94,0,21,14,24,107,88,0,21,0,21,1062,242,883,194,410,146,372,145,38,41,473,139,403,136,70,43,179,115,0,21,95,97,45,41,0,21,39,48,4,8
1400000US13135050546,13135050546,"Census Tract 505.46, Gwinnett County, Georgia",15650,1223,15648,1223,14582,1357,3751,321,2169,341,1582,292,3033,354,6252,783,5439,726,477,427,336,197,216,171,224,210,284,201,77,67,36,41,345,170,364,292,0,21,279,278,19,19,0,21,66,81,1066,453,752,273,425,206,241,129,184,157,327,155,247,147,80,65,314,221,0,21,160,212,154,95,0,21,0,21,2,6
1400000US13135050547,13135050547,"Census Tract 505.47, Gwinnett County, Georgia",7240,775,7237,775,6871,764,1819,159,1013,175,806,174,1459,176,2734,497,2448,457,53,56,233,157,119,136,150,122,235,107,59,65,25,39,77,64,194,94,0,19,36,45,72,53,0,19,86,94,366,184,270,118,208,101,151,91,57,66,62,58,40,45,22,35,96,95,0,19,62,89,34,40,0,19,0,19,3,4
1400000US13135050548,13135050548,"Census Tract 505.48, Gwinnett County, Georgia",11362,728,9148,645,8382,760,2386,184,1453,235,933,180,1959,193,3329,390,2913,289,360,264,56,45,128,87,30,38,202,128,15,23,73,61,110,99,150,132,0,21,0,21,33,36,0,21,117,111,766,257,495,145,241,109,139,88,102,73,254,109,177,90,77,59,271,164,76,91,35,39,108,65,0,21,52,60,2214,256
1400000US13135050549,13135050549,"Census Tract 505.49, Gwinnett County, Georgia",5170,591,5165,591,4968,624,1340,125,796,183,544,149,1118,184,2029,474,1957,412,7,14,65,81,65,85,71,70,66,97,60,64,0,19,73,101,146,123,0,19,75,78,71,80,0,19,0,19,197,108,186,104,71,69,71,69,0,19,115,81,104,79,11,18,11,18,0,19,0,19,11,18,0,19,0,19,5,4
1400000US13135050605,13135050605,"Census Tract 506.05, Gwinnett County, Georgia",12795,874,12793,874,11586,998,3269,290,1898,381,1371,325,2561,312,4557,590,4152,590,381,312,24,37,145,120,256,217,333,189,51,44,33,57,186,151,195,154,61,95,0,21,122,104,0,21,12,20,1207,328,988,230,704,203,583,188,121,99,284,137,234,125,50,67,219,154,0,21,80,104,121,92,0,21,18,29,2,2
1400000US13135050606,13135050606,"Census Tract 506.06, Gwinnett County, Georgia",20746,896,20730,897,19533,1074,5593,389,3795,473,1798,415,4820,420,8231,578,7574,560,343,194,314,185,98,61,69,97,273,194,264,278,18,33,80,68,87,70,0,25,0,25,41,39,0,25,46,57,1197,435,858,281,339,174,264,163,75,66,519,217,465,211,54,46,339,259,41,52,154,171,91,72,0,25,53,65,16,17
1400000US13135050607,13135050607,"Census Tract 506.07, Gwinnett County, Georgia",15348,888,15348,888,14604,961,4147,241,2426,323,1721,270,3244,260,5855,565,5488,580,76,55,291,147,286,236,86,111,292,167,112,70,110,98,120,91,352,384,13,24,0,21,184,198,0,21,155,193,744,263,565,188,361,164,254,154,107,83,204,96,165,77,39,61,179,117,40,62,34,44,105,81,0,21,0,21,0,21
1400000US13135050608,13135050608,"Census Tract 506.08, Gwinnett County, Georgia",15444,1019,15437,1020,14623,1070,4035,247,2322,289,1713,287,3107,290,6190,769,5936,784,79,100,175,133,256,161,182,147,329,170,28,37,51,82,190,128,255,151,0,21,89,108,76,65,0,21,90,70,814,263,657,197,365,142,268,110,97,83,292,122,251,108,41,49,157,101,22,36,45,45,90,91,0,21,0,21,7,6
1400000US13135050609,13135050609,"Census Tract 506.09, Gwinnett County, Georgia",12410,803,11196,758,10639,701,2933,215,1653,203,1280,245,2302,213,4468,514,4110,489,207,139,151,111,30,34,170,157,208,121,99,114,32,39,219,138,178,155,0,21,107,137,31,36,0,21,40,48,557,287,434,231,125,78,103,61,22,37,309,239,295,236,14,23,123,135,32,52,73,118,18,29,0,21,0,21,1214,164
1400000US13135050610,13135050610,"Census Tract 506.10, Gwinnett County, Georgia",16725,1375,16725,1375,15872,1396,4113,215,2832,256,1281,254,3640,231,7117,896,6651,893,116,84,350,255,123,95,0,21,352,253,135,111,51,69,198,166,143,107,0,21,0,21,34,32,0,21,109,98,853,302,647,186,206,112,165,83,41,67,441,165,338,145,103,92,206,163,19,30,107,124,80,80,0,21,0,21,0,21
1400000US13135050709,13135050709,"Census Tract 507.09, Gwinnett County, Georgia",11783,958,11781,958,10669,1022,2906,228,1527,239,1379,263,1655,233,4553,645,4281,649,71,62,201,209,194,160,246,364,260,156,27,45,68,74,543,237,217,113,0,21,24,38,142,89,0,21,51,59,1112,226,959,179,482,147,442,137,40,37,477,136,392,127,85,70,153,91,21,33,30,46,79,68,0,21,23,37,2,2
1400000US13135050712,13135050712,"Census Tract 507.12, Gwinnett County, Georgia",6968,438,6963,438,6454,445,1774,142,1258,155,516,130,1520,165,2645,232,2360,242,149,86,136,105,65,70,10,17,175,135,33,50,60,68,64,80,108,83,0,19,5,10,95,77,0,19,8,19,509,150,468,137,162,105,144,102,18,28,306,93,290,91,16,25,41,43,0,19,0,19,19,29,0,19,22,34,5,3
1400000US13135050713,13135050713,"Census Tract 507.13, Gwinnett County, Georgia",7662,395,7662,395,7315,459,2053,110,1363,141,690,162,1768,144,2861,253,2688,250,25,28,148,94,145,92,75,78,164,138,17,27,101,77,111,102,20,26,0,19,0,19,7,13,0,19,13,21,347,143,282,106,140,63,87,47,53,49,142,78,142,78,0,19,65,58,0,19,29,46,36,42,0,19,0,19,0,19
1400000US13135050714,13135050714,"Census Tract 507.14, Gwinnett County, Georgia",4964,295,4962,295,4622,343,1435,106,908,114,527,116,1096,100,1743,248,1615,265,46,39,82,70,77,66,9,15,103,91,25,31,40,40,58,50,36,44,0,13,23,38,0,13,0,13,13,21,340,101,302,94,127,58,113,56,14,16,175,76,156,77,19,21,38,30,0,13,12,18,26,25,0,13,0,13,2,4
1400000US13135050715,13135050715,"Census Tract 507.15, Gwinnett County, Georgia",5047,310,5045,310,4724,341,1341,106,853,136,488,131,1099,107,1823,169,1693,199,43,45,87,63,134,101,128,140,25,29,26,29,26,29,104,114,18,27,18,27,0,19,0,19,0,19,0,19,321,125,242,88,131,67,120,65,11,17,111,55,93,55,18,21,79,76,17,25,0,19,19,21,0,19,43,51,2,3
1400000US13135050718,13135050718,"Census Tract 507.18, Gwinnett County, Georgia",7954,713,7799,716,7302,735,2156,155,1328,198,828,156,1693,172,2531,445,2381,417,23,27,127,91,90,77,100,75,205,167,0,19,27,41,258,259,242,180,0,19,97,136,102,97,0,19,43,54,497,139,469,133,225,109,225,109,0,19,244,109,219,106,25,29,28,33,0,19,0,19,28,33,0,19,0,19,155,49
1400000US13135050719,13135050719,"Census Tract 507.19, Gwinnett County, Georgia",5132,498,5119,497,4498,554,1448,175,664,134,784,160,868,166,1696,319,1659,315,0,19,37,47,18,26,94,97,111,102,26,41,25,28,116,84,96,68,0,19,0,19,40,48,16,26,40,35,621,173,568,153,300,129,263,125,37,40,268,94,256,89,12,18,53,49,0,19,17,26,36,40,0,19,0,19,13,19
1400000US13135050720,13135050720,"Census Tract 507.20, Gwinnett County, Georgia",7837,720,7810,719,7365,753,2320,145,1286,268,1034,256,1944,173,2625,637,2463,632,94,94,68,103,132,87,15,26,35,46,50,70,26,44,94,95,124,112,0,19,0,19,18,30,0,19,106,108,445,121,436,118,90,58,81,56,9,17,346,97,346,97,0,19,9,17,0,19,0,19,9,17,0,19,0,19,27,19
1400000US13135050721,13135050721,"Census Tract 507.21, Gwinnett County, Georgia",8972,801,8770,810,7737,880,2142,211,1233,175,909,210,1583,174,3065,472,2934,462,52,43,79,71,158,96,127,122,58,68,41,50,15,25,374,238,174,98,43,49,35,60,89,73,7,16,0,19,1033,381,788,214,203,123,203,123,0,19,585,162,484,143,101,99,245,279,172,264,28,44,45,66,0,19,0,19,202,111
1400000US13135050722,13135050722,"Census Tract 507.22, Gwinnett County, Georgia",3402,508,3395,507,3221,540,829,107,447,132,382,86,727,103,1180,164,1147,164,33,38,0,13,25,25,0,13,135,89,15,28,0,13,310,352,0,13,0,13,0,13,0,13,0,13,0,13,174,102,120,63,44,36,18,19,26,30,76,52,54,38,22,30,54,48,0,13,22,36,32,33,0,13,0,13,7,5
1400000US13135050723,13135050723,"Census Tract 507.23, Gwinnett County, Georgia",6715,594,6702,593,6050,560,1675,161,1053,163,622,143,1310,162,2346,385,2175,375,41,52,130,97,154,113,30,38,123,112,59,33,26,42,166,99,161,118,0,19,0,19,22,35,38,52,101,117,652,277,479,155,222,119,138,75,84,93,257,105,209,94,48,50,173,147,0,19,0,19,100,87,0,19,73,111,13,15
1400000US13135050724,13135050724,"Census Tract 507.24, Gwinnett County, Georgia",15004,1294,14996,1294,13627,1391,3961,344,2370,321,1591,289,3328,336,5523,849,5400,847,90,65,33,37,108,106,80,63,212,108,151,113,47,68,81,82,136,91,0,21,0,21,69,65,0,21,67,65,1369,356,1182,301,514,270,457,263,57,64,668,184,568,176,100,75,187,125,0,21,74,85,68,57,0,21,45,73,8,13
1400000US13135050725,13135050725,"Census Tract 507.25, Gwinnett County, Georgia",5068,628,5066,629,4531,662,1261,170,715,154,546,155,985,131,2029,392,1921,399,27,30,81,54,44,51,54,61,0,19,32,42,19,28,33,55,74,69,0,19,32,50,0,19,0,19,42,52,535,219,402,136,138,75,117,70,21,35,264,132,200,109,64,59,133,107,16,26,67,92,29,35,0,19,21,35,2,4
1400000US13135050726,13135050726,"Census Tract 507.26, Gwinnett County, Georgia",7965,723,7963,723,7384,705,2260,199,1230,183,1030,231,1787,224,2647,394,2394,422,118,129,135,101,205,254,80,54,27,44,24,40,13,24,130,123,211,238,29,65,22,35,24,31,0,19,136,230,579,216,488,137,228,86,166,94,62,86,260,117,260,117,0,19,91,126,91,126,0,19,0,19,0,19,0,19,2,2
1400000US13135050727,13135050727,"Census Tract 507.27, Gwinnett County, Georgia",10093,764,10093,764,9554,824,2542,201,1723,240,819,179,2199,234,4011,431,3589,477,127,105,295,188,261,164,58,58,71,69,70,79,48,56,173,121,121,103,57,89,0,21,0,21,0,21,64,52,539,159,462,125,172,73,172,73,0,21,290,86,240,87,50,49,77,72,10,17,17,25,50,65,0,21,0,21,0,21
1400000US13135050728,13135050728,"Census Tract 507.28, Gwinnett County, Georgia",14003,990,13993,991,12847,1095,3456,314,1641,309,1815,346,2407,327,5497,664,5083,644,47,76,367,214,260,196,292,158,323,177,100,94,58,56,162,132,292,173,66,104,0,21,132,106,0,21,94,112,1146,355,927,248,452,164,354,145,98,67,475,189,455,181,20,32,219,189,0,21,110,135,67,54,0,21,42,61,10,17
1400000US13135050729,13135050729,"Census Tract 507.29, Gwinnett County, Georgia",3138,432,3136,432,2714,511,821,152,490,128,331,132,568,166,1127,250,1013,265,14,24,100,88,0,13,0,13,58,71,40,46,0,13,60,70,40,46,0,13,0,13,21,34,0,13,19,30,422,158,375,141,180,101,161,101,19,24,195,89,195,89,0,13,47,63,20,31,0,13,7,14,0,13,20,31,2,8
1400000US13135050730,13135050730,"Census Tract 507.30, Gwinnett County, Georgia",7122,730,7122,730,6642,804,1772,198,1053,178,719,187,1220,142,3006,487,2813,491,0,19,193,129,108,85,0,19,192,121,0,19,0,19,123,114,221,163,0,19,0,19,203,163,0,19,18,29,480,190,389,162,166,97,147,92,19,29,223,144,163,140,60,47,91,63,0,19,41,46,50,45,0,19,0,19,0,19
1400000US13135050731,13135050731,"Census Tract 507.31, Gwinnett County, Georgia",8830,713,8821,713,7788,755,2113,213,1123,219,990,215,1604,195,3021,475,2802,446,134,110,85,80,98,87,324,190,283,153,90,89,37,48,79,91,139,98,38,45,32,38,25,42,0,19,44,71,1033,347,731,198,315,139,217,119,98,76,416,169,359,160,57,49,302,244,133,179,35,45,134,84,0,19,0,19,9,15
1400000US13137000100,13137000100,"Census Tract 1, Habersham County, Georgia",3451,438,3443,438,3230,454,1163,154,803,152,360,121,1031,140,789,237,641,198,148,132,0,13,62,67,51,75,66,76,6,13,4,8,58,71,0,13,0,13,0,13,0,13,0,13,0,13,213,85,183,63,89,50,89,50,0,13,94,50,69,40,25,29,30,35,0,13,0,13,30,35,0,13,0,13,8,7
1400000US13137000201,13137000201,"Census Tract 2.01, Habersham County, Georgia",3521,372,3521,372,3075,366,1061,134,743,156,318,107,761,136,896,224,820,218,46,53,30,36,96,85,44,70,39,41,0,13,33,41,98,85,47,48,26,40,0,13,3,5,0,13,18,28,446,183,322,118,126,71,78,56,48,49,196,89,182,83,14,25,124,112,20,32,12,19,0,13,0,13,92,105,0,13
1400000US13137000202,13137000202,"Census Tract 2.02, Habersham County, Georgia",5704,595,5614,600,4850,632,1666,183,1159,189,507,133,1471,167,1396,334,1367,338,11,18,18,31,120,111,57,56,0,19,0,19,35,56,36,61,69,82,0,19,0,19,39,47,0,19,30,37,764,306,582,210,214,136,178,130,36,42,368,166,259,138,109,112,182,134,0,19,0,19,116,114,0,19,66,54,90,57
1400000US13137000300,13137000300,"Census Tract 3, Habersham County, Georgia",3735,370,3612,363,3028,352,903,108,528,85,375,103,709,102,1110,201,1079,198,15,17,16,22,143,101,9,10,13,14,0,13,46,38,81,72,14,25,14,25,0,13,0,13,0,13,0,13,584,135,545,128,222,104,212,103,10,10,323,76,300,73,23,19,39,25,0,13,18,20,21,13,0,13,0,13,123,54
1400000US13137000400,13137000400,"Census Tract 4, Habersham County, Georgia",5502,461,5500,461,5021,475,1409,143,949,146,460,124,1145,136,1742,263,1617,257,70,49,55,37,218,114,90,92,81,71,0,19,3,6,209,126,124,115,51,74,0,19,59,50,0,19,14,16,479,107,416,87,165,62,148,60,17,17,251,64,220,65,31,21,63,41,16,22,7,12,16,15,0,19,24,30,2,4
1400000US13137000500,13137000500,"Census Tract 5, Habersham County, Georgia",7171,646,6554,625,5922,636,1741,191,931,163,810,171,1211,203,2195,403,2023,406,57,51,115,146,255,220,120,75,147,103,3,6,27,30,146,100,77,61,0,19,42,52,11,12,0,19,24,30,632,163,595,150,304,121,273,112,31,43,291,87,284,86,7,8,37,41,0,19,13,16,20,31,0,19,4,6,617,170
1400000US13137000601,13137000601,"Census Tract 6.01, Habersham County, Georgia",5773,660,4022,381,3569,395,1028,117,718,119,310,101,872,104,1261,205,1186,198,21,33,54,46,56,45,100,69,9,14,17,28,31,37,183,162,12,16,2,5,0,19,7,8,0,19,3,8,453,152,386,109,219,93,195,83,24,34,167,58,155,62,12,19,67,71,0,19,0,19,37,37,0,19,30,41,1751,625
1400000US13137000602,13137000602,"Census Tract 6.02, Habersham County, Georgia",8181,501,8067,510,6925,584,1955,246,1148,208,807,195,1458,211,2946,378,2693,373,28,49,225,132,137,88,100,115,35,46,0,19,106,86,80,67,108,86,0,19,55,62,53,49,0,19,0,19,1142,307,935,226,337,138,239,114,98,82,598,188,576,186,22,26,207,157,0,19,168,153,39,39,0,19,0,19,114,107
1400000US13139000101,13139000101,"Census Tract 1.01, Hall County, Georgia",4679,423,4679,423,3731,424,1189,154,744,142,445,125,975,125,1295,216,1178,216,28,38,89,57,165,130,17,19,26,29,8,12,3,4,6,9,47,37,0,13,0,13,29,23,18,28,0,13,948,313,566,142,274,108,98,51,176,99,292,104,255,100,37,34,382,234,19,23,58,68,85,61,0,13,220,185,0,13
1400000US13139000102,13139000102,"Census Tract 1.02, Hall County, Georgia",3747,445,3747,445,3419,474,1054,125,527,128,527,127,838,110,1104,224,1104,224,0,13,0,13,109,127,28,31,58,53,0,13,47,65,98,71,83,78,0,13,46,52,23,26,0,13,14,23,328,120,292,107,143,93,134,90,9,17,149,60,125,59,24,26,36,36,0,13,0,13,22,26,0,13,14,23,0,13
1400000US13139000201,13139000201,"Census Tract 2.01, Hall County, Georgia",5964,692,5964,692,5273,663,1549,167,1043,174,506,161,1265,186,1824,390,1594,347,85,128,145,149,135,102,19,29,134,89,24,40,46,48,200,126,77,77,0,19,37,57,40,54,0,19,0,19,691,301,509,155,161,117,60,54,101,115,348,112,319,115,29,34,182,190,17,30,21,34,71,93,0,19,73,95,0,19
1400000US13139000203,13139000203,"Census Tract 2.03, Hall County, Georgia",4067,313,4067,313,3727,353,1250,106,737,120,513,103,1090,109,1124,225,1045,226,15,18,64,48,117,103,69,55,5,8,0,13,0,13,11,13,61,59,40,54,1,4,16,17,0,13,4,6,340,121,286,96,181,86,158,87,23,27,105,57,90,50,15,23,54,57,17,28,0,13,37,35,0,13,0,13,0,13
1400000US13139000204,13139000204,"Census Tract 2.04, Hall County, Georgia",4552,456,4507,454,4242,418,1365,114,824,156,541,151,1260,121,1488,286,1179,219,21,29,288,227,74,62,0,13,21,35,0,13,0,13,0,13,34,47,0,13,0,13,34,47,0,13,0,13,265,160,213,97,60,43,60,43,0,13,153,86,105,53,48,73,52,79,0,13,0,13,52,79,0,13,0,13,45,27
1400000US13139000302,13139000302,"Census Tract 3.02, Hall County, Georgia",6935,703,6929,701,6479,726,2055,175,1224,211,831,203,1805,207,2185,463,2133,469,20,33,32,29,138,93,22,29,67,62,15,23,58,52,28,28,106,122,12,20,0,19,94,121,0,19,0,19,450,203,383,149,101,94,49,43,52,83,282,123,265,123,17,28,67,84,0,19,0,19,67,84,0,19,0,19,6,10
1400000US13139000303,13139000303,"Census Tract 3.03, Hall County, Georgia",2797,283,2785,285,2467,305,816,120,570,126,246,82,685,125,483,86,479,86,0,13,4,8,37,61,79,65,95,73,0,13,14,22,154,119,104,72,0,13,30,45,74,65,0,13,0,13,318,118,300,106,0,13,0,13,0,13,300,106,282,101,18,29,18,30,0,13,0,13,18,30,0,13,0,13,12,13
1400000US13139000304,13139000304,"Census Tract 3.04, Hall County, Georgia",3497,437,3488,437,3048,470,929,163,649,148,280,102,842,161,1221,274,1148,269,17,27,56,46,0,13,10,16,46,43,0,13,0,13,0,13,0,13,0,13,0,13,0,13,0,13,0,13,440,184,405,171,235,155,235,155,0,13,170,84,132,69,38,44,35,42,0,13,19,31,16,26,0,13,0,13,9,10
1400000US13139000305,13139000305,"Census Tract 3.05, Hall County, Georgia",4582,335,4577,335,4161,358,1357,126,885,125,472,133,1006,116,1456,255,1299,239,22,26,135,102,62,55,59,50,35,42,0,13,0,13,21,26,165,96,0,13,0,13,142,89,0,13,23,28,416,156,304,98,115,65,66,46,49,48,189,87,155,83,34,39,112,85,0,13,53,63,59,58,0,13,0,13,5,8
1400000US13139000400,13139000400,"Census Tract 4, Hall County, Georgia",5912,472,5801,480,5074,556,1552,170,866,150,686,190,1118,138,1894,355,1807,339,66,73,21,34,74,81,149,61,49,51,10,17,45,48,106,107,77,71,0,19,0,19,77,71,0,19,0,19,727,205,698,195,275,142,249,139,26,30,423,147,423,147,0,19,29,33,0,19,0,19,29,33,0,19,0,19,111,91
1400000US13139000500,13139000500,"Census Tract 5, Hall County, Georgia",7224,702,7224,702,6534,778,2047,194,1198,202,849,185,1451,187,2367,434,2250,408,15,27,102,84,31,35,92,86,91,79,27,44,0,19,21,32,407,324,0,19,231,302,176,129,0,19,0,19,690,215,635,198,296,130,286,129,10,17,339,133,306,126,33,32,55,49,0,19,8,14,34,33,0,19,13,20,0,19
1400000US13139000600,13139000600,"Census Tract 6, Hall County, Georgia",6202,580,5789,575,4724,664,1336,162,830,164,506,151,946,156,1711,322,1658,317,20,33,33,31,424,249,117,84,72,62,0,19,55,52,55,72,8,15,0,19,0,19,8,15,0,19,0,19,1065,238,872,160,309,101,244,88,65,59,563,146,511,133,52,61,193,141,28,45,87,111,56,52,0,19,22,33,413,137
1400000US13139000701,13139000701,"Census Tract 7.01, Hall County, Georgia",5392,813,5390,812,5017,866,1363,203,740,194,623,153,797,173,1607,345,1419,352,11,20,177,141,143,73,380,260,94,94,0,19,68,95,269,192,296,139,53,75,0,19,136,96,0,19,107,101,373,171,330,143,124,82,124,82,0,19,206,109,162,92,44,57,43,53,36,52,0,19,7,12,0,19,0,19,2,2
1400000US13139000702,13139000702,"Census Tract 7.02, Hall County, Georgia",4860,570,4860,570,4462,603,1109,164,556,144,553,145,785,138,1758,309,1634,302,74,93,50,51,256,139,92,89,98,93,13,22,66,62,98,83,187,130,0,13,0,13,92,75,63,96,32,56,398,217,294,128,71,60,71,60,0,13,223,116,138,70,85,89,104,108,55,90,0,13,19,27,0,13,30,41,0,13
1400000US13139000800,13139000800,"Census Tract 8, Hall County, Georgia",3362,430,2666,397,2216,437,589,107,232,81,357,94,248,69,826,231,795,237,17,21,14,20,126,97,36,32,47,37,0,13,1,14,138,91,205,175,21,34,0,13,84,59,41,51,59,94,450,188,328,84,144,64,111,51,33,42,184,69,161,67,23,25,122,131,24,25,0,13,26,33,0,13,72,95,696,126
1400000US13139000900,13139000900,"Census Tract 9, Hall County, Georgia",4801,626,4735,621,3555,711,1120,165,425,113,695,183,754,163,1445,446,1407,458,0,13,38,52,62,69,19,32,31,42,74,78,20,32,18,32,12,20,0,13,0,13,12,20,0,13,0,13,1180,323,855,199,407,168,275,132,132,129,448,143,330,112,118,72,325,173,67,90,40,47,218,136,0,13,0,13,66,51
1400000US13139001002,13139001002,"Census Tract 10.02, Hall County, Georgia",6212,697,6201,697,5728,726,1549,166,975,172,574,141,1216,179,2112,357,1866,332,42,49,204,206,43,50,97,98,80,72,24,37,13,22,349,246,245,208,48,71,0,19,23,35,0,19,174,158,473,212,401,163,149,103,111,86,38,59,252,125,242,122,10,17,72,81,0,19,14,23,12,19,0,19,46,70,11,11
1400000US13139001003,13139001003,"Census Tract 10.03, Hall County, Georgia",5727,965,5719,965,4314,868,1070,182,396,155,674,190,470,237,1579,391,1502,371,46,81,31,56,102,125,260,196,57,58,0,19,0,19,358,310,418,258,0,19,170,241,238,142,0,19,10,21,1405,417,820,176,514,160,345,136,169,107,306,134,258,132,48,47,585,347,405,359,111,100,35,41,0,19,34,48,8,9
1400000US13139001004,13139001004,"Census Tract 10.04, Hall County, Georgia",3378,476,3311,471,2540,547,739,133,392,109,347,122,403,124,1125,337,958,333,125,159,42,67,112,148,26,44,18,26,0,13,35,55,38,37,44,55,24,35,0,13,20,32,0,13,0,13,771,237,567,160,198,110,162,89,36,60,369,132,231,111,138,79,204,105,39,62,97,62,68,63,0,13,0,13,67,87
1400000US13139001101,13139001101,"Census Tract 11.01, Hall County, Georgia",4990,748,4804,760,4227,778,969,158,661,171,308,137,519,193,1907,482,1693,447,108,134,106,86,63,72,115,111,0,13,0,13,0,13,397,283,257,161,0,13,107,130,86,63,0,13,64,76,577,347,263,94,170,92,85,66,85,69,93,70,67,58,26,42,314,308,0,13,34,54,36,40,0,13,244,309,186,116
1400000US13139001102,13139001102,"Census Tract 11.02, Hall County, Georgia",4246,689,4246,689,3991,751,869,173,463,141,406,161,614,168,1282,418,1179,398,0,13,103,91,10,16,135,109,179,128,9,16,0,13,394,276,499,422,0,13,225,315,21,24,29,39,224,286,255,116,236,105,43,52,43,52,0,13,193,91,174,88,19,29,19,30,0,13,0,13,19,30,0,13,0,13,0,13
1400000US13139001201,13139001201,"Census Tract 12.01, Hall County, Georgia",8451,603,6492,508,6146,569,1620,161,909,156,711,154,1157,177,2502,346,2348,336,56,49,98,56,192,148,80,66,92,82,68,49,32,40,115,103,288,201,0,19,61,77,126,133,0,19,101,95,346,128,334,126,166,86,166,86,0,19,168,102,158,100,10,17,12,19,0,19,12,19,0,19,0,19,0,19,1959,201
1400000US13139001202,13139001202,"Census Tract 12.02, Hall County, Georgia",6254,910,6254,910,5978,952,1478,193,723,202,755,169,925,235,2415,458,2415,458,0,19,0,19,93,84,143,130,226,256,71,68,14,22,295,279,318,236,126,198,0,19,190,134,0,19,2,7,276,123,248,109,73,46,73,46,0,19,175,97,149,92,26,32,28,34,0,19,0,19,28,34,0,19,0,19,0,19
1400000US13139001301,13139001301,"Census Tract 13.01, Hall County, Georgia",5991,604,5924,600,5186,676,1434,172,846,174,588,174,1226,164,1978,428,1968,427,0,19,10,18,35,34,34,46,82,84,0,19,28,36,256,307,113,102,0,19,63,79,29,34,0,19,21,36,738,239,545,138,339,118,265,114,74,74,206,89,178,91,28,27,193,168,122,156,44,51,27,29,0,19,0,19,67,41
1400000US13139001302,13139001302,"Census Tract 13.02, Hall County, Georgia",4880,355,4878,355,4558,373,1408,130,884,139,524,139,1186,128,1538,230,1489,224,38,43,11,17,186,153,0,13,61,48,47,52,51,47,44,55,37,46,0,13,0,13,11,21,0,13,26,41,320,112,283,98,114,72,76,62,38,33,169,74,169,74,0,13,37,31,0,13,7,12,30,29,0,13,0,13,2,3
1400000US13139001402,13139001402,"Census Tract 14.02, Hall County, Georgia",5116,471,5107,470,4733,513,1544,143,1040,167,504,142,1216,169,1382,240,1329,217,0,19,53,66,150,183,138,95,104,91,53,68,0,19,62,87,84,98,62,92,0,19,22,25,0,19,0,19,374,122,333,112,163,86,133,76,30,35,170,89,159,87,11,17,41,37,0,19,0,19,41,37,0,19,0,19,9,9
1400000US13139001403,13139001403,"Census Tract 14.03, Hall County, Georgia",3878,466,3866,467,3194,486,903,151,642,146,261,104,685,116,1252,273,1252,273,0,13,0,13,103,82,0,13,48,46,0,13,18,28,68,90,117,104,0,13,34,59,83,90,0,13,0,13,672,252,513,143,215,107,138,87,77,82,298,98,281,98,17,27,159,154,9,14,93,99,57,66,0,13,0,13,12,9
1400000US13139001404,13139001404,"Census Tract 14.04, Hall County, Georgia",5460,478,5457,478,4931,538,1399,179,876,181,523,134,1016,153,2062,341,1816,345,29,36,217,165,104,85,13,21,56,75,0,19,0,19,158,134,123,92,0,19,79,85,29,28,0,19,15,17,526,186,464,160,309,141,276,135,33,38,155,75,135,68,20,34,62,57,0,19,0,19,54,53,0,19,8,12,3,8
1400000US13139001501,13139001501,"Census Tract 15.01, Hall County, Georgia",3750,368,3732,364,3218,351,1108,124,757,133,351,112,925,109,910,151,761,162,86,91,63,61,136,77,0,13,54,54,17,26,18,28,27,40,23,26,0,13,23,26,0,13,0,13,0,13,514,148,421,112,228,83,185,76,43,39,193,84,174,79,19,23,93,74,0,13,37,56,56,51,0,13,0,13,18,29
1400000US13139001502,13139001502,"Census Tract 15.02, Hall County, Georgia",5005,702,5005,702,4594,732,1270,149,840,155,430,111,1089,156,1397,305,1325,264,72,114,0,19,354,133,0,19,72,102,63,100,102,69,247,378,0,19,0,19,0,19,0,19,0,19,0,19,411,150,368,124,177,83,147,70,30,38,191,91,175,84,16,28,43,46,0,19,0,19,43,46,0,19,0,19,0,19
1400000US13139001603,13139001603,"Census Tract 16.03, Hall County, Georgia",4700,373,4696,373,4136,443,1270,145,890,151,380,135,1087,130,1507,252,1421,241,28,34,58,46,111,95,31,41,29,35,45,52,0,13,22,26,34,37,0,13,0,13,17,21,0,13,17,30,560,217,412,140,308,116,225,94,83,63,104,64,65,49,39,44,148,102,18,27,74,69,35,37,0,13,21,32,4,4
1400000US13139001604,13139001604,"Census Tract 16.04, Hall County, Georgia",6027,534,6027,534,5603,562,1598,149,1034,161,564,137,1367,130,2240,305,2128,310,47,41,65,71,111,119,36,33,27,39,14,23,17,28,21,24,172,136,126,139,0,19,0,19,0,19,46,55,424,129,317,97,207,85,149,81,58,40,110,53,71,44,39,31,107,60,23,33,14,21,47,37,0,19,23,28,0,19
1400000US13139001605,13139001605,"Census Tract 16.05, Hall County, Georgia",5317,387,5317,387,5068,420,1407,97,867,122,540,135,1273,113,1979,278,1871,276,78,68,30,30,104,70,0,19,55,54,0,19,19,22,83,67,148,120,54,70,11,20,31,39,30,41,22,32,249,110,228,94,119,67,119,67,0,19,109,60,87,53,22,32,21,31,0,19,0,19,21,31,0,19,0,19,0,19
1400000US13139001606,13139001606,"Census Tract 16.06, Hall County, Georgia",3355,356,3316,349,2731,391,856,136,451,148,405,103,566,116,1064,212,964,193,14,28,86,99,55,51,37,35,31,36,0,13,0,13,0,13,122,107,0,13,0,13,68,68,0,13,54,78,585,214,407,123,112,63,79,55,33,40,295,117,164,87,131,90,178,110,23,38,57,75,98,77,0,13,0,13,39,41
1400000US13139001607,13139001607,"Census Tract 16.07, Hall County, Georgia",4819,483,4819,483,4411,511,1313,136,753,126,560,152,1003,164,1485,313,1413,317,40,63,32,37,142,105,89,92,107,75,16,26,15,23,74,69,167,94,0,13,30,38,61,63,0,13,76,65,408,116,393,113,166,72,159,70,7,11,227,91,220,92,7,14,15,20,8,14,0,13,7,14,0,13,0,13,0,13
1400000US13139001608,13139001608,"Census Tract 16.08, Hall County, Georgia",4702,353,4602,341,4261,361,1359,113,847,129,512,137,1215,128,1452,202,1401,192,0,13,51,51,95,65,15,24,50,59,0,13,52,47,23,37,0,13,0,13,0,13,0,13,0,13,0,13,341,105,328,101,134,84,134,84,0,13,194,71,181,69,13,19,13,20,0,13,0,13,13,20,0,13,0,13,100,92
1400000US13141480300,13141480300,"Census Tract 4803, Hancock County, Georgia",2449,422,2449,422,1996,463,548,130,319,107,229,88,449,110,769,248,716,241,0,13,53,77,74,97,37,54,0,13,0,13,34,56,71,84,14,24,0,13,0,13,6,11,0,13,8,14,453,140,421,135,197,90,185,89,12,18,224,112,208,111,16,23,32,35,20,28,0,13,12,20,0,13,0,13,0,13
1400000US13141480400,13141480400,"Census Tract 4804, Hancock County, Georgia",6973,422,5349,441,4464,429,1052,160,318,98,734,141,390,121,2002,381,1883,364,115,107,4,9,376,174,63,49,105,85,10,17,0,19,401,187,65,48,0,19,0,19,44,31,0,19,21,27,885,163,839,152,256,90,256,90,0,19,583,118,557,124,26,39,46,65,0,19,46,65,0,19,0,19,0,19,1624,211
1400000US13143010100,13143010100,"Census Tract 101, Haralson County, Georgia",3972,468,3917,466,3526,479,1045,149,514,111,531,157,791,142,1100,235,1027,223,20,29,53,39,207,127,8,13,0,13,11,20,19,18,112,81,233,156,18,39,0,13,111,78,0,13,104,93,391,130,347,93,98,68,98,68,0,13,249,75,209,67,40,50,44,59,35,56,0,13,0,13,0,13,9,14,55,24
1400000US13143010200,13143010200,"Census Tract 102, Haralson County, Georgia",5732,471,5727,471,4927,514,1590,164,860,156,730,161,1227,172,1563,267,1422,284,58,56,83,90,222,131,34,36,17,24,7,14,28,28,159,126,80,53,25,34,0,19,32,33,0,19,23,36,800,199,747,186,305,124,286,126,19,32,442,151,404,151,38,52,53,55,0,19,0,19,53,55,0,19,0,19,5,10
1400000US13143010301,13143010301,"Census Tract 103.01, Haralson County, Georgia",3582,542,3582,542,3299,555,1009,163,554,158,455,153,821,188,977,231,960,229,0,13,17,27,156,155,43,39,37,41,24,43,92,98,69,75,71,68,0,13,16,28,55,65,0,13,0,13,283,139,262,125,144,97,122,92,22,36,118,72,118,72,0,13,21,33,0,13,0,13,21,33,0,13,0,13,0,13
1400000US13143010302,13143010302,"Census Tract 103.02, Haralson County, Georgia",7426,688,7085,644,6123,689,1988,217,1081,201,907,204,1317,237,2155,356,1872,339,62,61,221,162,315,141,9,15,107,81,22,26,11,15,38,39,161,100,19,31,5,8,57,51,0,19,80,77,962,230,855,204,447,171,394,165,53,45,408,125,382,120,26,31,107,76,0,19,6,11,72,46,0,19,29,44,341,129
1400000US13143010400,13143010400,"Census Tract 104, Haralson County, Georgia",7915,665,7800,658,6904,752,2104,253,1338,253,766,207,1552,278,2556,381,2219,353,134,136,203,165,259,150,78,60,42,39,9,14,0,19,69,54,235,109,0,19,15,26,192,102,0,19,28,31,896,263,764,192,337,157,255,128,82,81,427,120,407,118,20,25,132,114,0,19,46,61,56,72,0,19,30,33,115,82
1400000US13145120198,13145120198,"Census Tract 1201.98, Harris County, Georgia",5225,431,5204,431,4666,458,1531,151,964,155,567,121,1232,156,1522,283,1466,295,31,44,25,33,162,121,34,24,101,63,0,19,0,19,33,46,51,57,0,19,0,19,14,17,0,19,37,56,538,134,475,107,144,57,129,57,15,15,331,96,309,88,22,29,63,51,0,19,12,18,37,43,0,19,14,25,21,22
1400000US13145120200,13145120200,"Census Tract 1202, Harris County, Georgia",3291,262,3128,247,2777,298,865,89,430,87,435,100,713,114,828,145,779,161,26,37,23,25,72,62,9,17,33,48,66,70,49,53,90,77,52,47,0,13,7,14,22,25,0,13,23,39,351,125,293,93,127,59,77,43,50,49,166,64,156,64,10,10,58,52,0,13,2,4,34,38,0,13,22,37,163,83
1400000US13145120300,13145120300,"Census Tract 1203, Harris County, Georgia",9507,544,9426,547,8527,607,2591,212,1797,235,794,193,2254,202,3233,405,2960,377,89,88,184,118,198,116,67,69,30,46,0,19,24,39,10,16,120,102,0,19,0,19,0,19,31,49,89,92,899,238,747,176,377,129,352,123,25,28,370,134,301,125,69,64,152,111,0,19,22,34,73,63,0,19,57,63,81,54
1400000US13145120401,13145120401,"Census Tract 1204.01, Harris County, Georgia",5951,435,5930,433,5509,460,1764,128,1329,155,435,154,1588,148,1825,332,1463,243,37,46,325,376,0,19,74,117,72,79,43,55,30,49,42,52,71,90,0,19,0,19,13,23,0,19,58,86,421,131,377,114,137,80,137,80,0,19,240,90,208,90,32,32,44,52,0,19,25,43,19,23,0,19,0,19,21,20
1400000US13145120402,13145120402,"Census Tract 1204.02, Harris County, Georgia",7896,548,7802,548,7259,541,2217,197,1432,189,785,165,1763,197,2651,317,2497,318,5,11,149,164,104,82,46,64,42,50,61,60,12,16,299,206,64,58,0,19,0,19,26,39,25,39,13,18,543,162,448,124,139,79,123,74,16,27,309,110,272,107,37,37,95,84,0,19,40,59,22,27,0,19,33,56,94,76
1400000US13147960100,13147960100,"Census Tract 9601, Hart County, Georgia",5375,406,5372,406,4637,431,1644,192,1036,144,608,163,1247,198,1274,243,1216,242,0,19,58,55,148,186,61,66,106,82,0,19,0,19,132,107,25,35,0,19,0,19,25,35,0,19,0,19,735,218,735,218,358,161,358,161,0,19,377,150,377,150,0,19,0,19,0,19,0,19,0,19,0,19,0,19,3,2
1400000US13147960200,13147960200,"Census Tract 9602, Hart County, Georgia",3562,311,3562,311,3169,306,963,115,698,124,265,68,777,112,993,178,863,177,65,49,65,61,200,114,22,25,10,14,0,13,36,47,10,15,158,124,10,14,37,56,9,12,69,106,33,41,393,116,342,107,153,96,108,85,45,32,189,65,182,63,7,11,51,33,0,13,8,14,29,20,0,13,14,21,0,13
1400000US13147960300,13147960300,"Census Tract 9603, Hart County, Georgia",3431,387,3431,387,2947,423,886,121,377,107,509,116,652,113,1121,273,1121,273,0,13,0,13,88,62,39,43,24,29,0,13,18,27,45,37,74,64,0,13,0,13,5,9,0,13,69,63,484,152,415,111,245,93,208,88,37,38,170,64,153,59,17,24,69,65,0,13,21,37,7,10,0,13,41,51,0,13
1400000US13147960400,13147960400,"Census Tract 9604, Hart County, Georgia",6633,559,6229,542,5362,605,1631,205,801,159,830,213,1261,188,1912,306,1845,311,15,25,52,68,396,175,0,19,21,33,0,19,47,55,76,72,18,31,0,19,0,19,18,31,0,19,0,19,867,234,827,219,232,106,190,92,42,54,595,195,575,192,20,30,40,42,0,19,0,19,40,42,0,19,0,19,404,170
1400000US13147960500,13147960500,"Census Tract 9605, Hart County, Georgia",6276,472,5880,434,4867,476,1571,198,980,159,591,157,1052,148,1536,256,1459,254,0,19,77,73,349,195,77,76,81,65,51,50,33,46,94,92,23,28,0,19,0,19,15,25,0,19,8,13,1013,232,935,206,302,145,245,128,57,67,633,145,599,154,34,51,78,66,28,42,0,19,50,50,0,19,0,19,396,214
1400000US13149970100,13149970100,"Census Tract 9701, Heard County, Georgia",4473,385,4350,391,3563,462,1094,152,600,131,494,111,759,127,1298,228,1236,231,3,6,59,43,166,103,13,21,7,9,0,13,87,56,95,65,44,27,19,23,7,12,0,13,8,12,10,16,787,248,598,149,269,125,92,54,177,115,329,97,329,97,0,13,189,125,0,13,0,13,115,77,0,13,74,100,123,65
1400000US13149970200,13149970200,"Census Tract 9702, Heard County, Georgia",4212,305,4212,305,3621,343,1102,120,653,132,449,94,938,130,1224,191,1040,192,28,39,156,116,192,110,10,14,63,54,9,15,26,30,3,7,54,46,0,13,0,13,45,44,3,5,6,9,591,156,483,112,262,83,224,84,38,36,221,79,187,71,34,39,108,78,0,13,0,13,80,70,0,13,28,29,0,13
1400000US13149970300,13149970300,"Census Tract 9703, Heard County, Georgia",3071,378,3071,378,2697,418,748,121,452,96,296,95,606,108,984,237,883,228,23,34,78,58,140,105,25,32,0,13,27,45,31,22,115,95,21,17,0,13,7,12,14,13,0,13,0,13,374,132,317,110,142,81,110,75,32,35,175,74,152,73,23,25,57,53,9,20,0,13,39,49,0,13,9,14,0,13
1400000US13151070104,13151070104,"Census Tract 701.04, Henry County, Georgia",11975,1007,11931,1008,10627,1125,2978,324,1144,227,1834,331,1971,277,4568,731,4303,650,227,191,38,40,238,173,105,112,253,145,79,82,27,37,82,72,326,194,0,21,44,67,127,108,39,72,116,115,1304,306,1093,239,494,196,386,188,108,81,599,165,555,160,44,44,211,137,89,83,39,49,83,75,0,21,0,21,44,64
1400000US13151070106,13151070106,"Census Tract 701.06, Henry County, Georgia",5193,615,5193,615,4696,628,1435,160,738,165,697,153,905,160,1681,362,1525,344,78,67,78,50,65,72,115,87,155,112,0,19,3,15,120,83,217,171,98,107,0,19,81,57,0,19,38,60,497,176,410,149,233,101,178,97,55,46,177,97,158,95,19,31,87,66,0,19,30,45,43,50,0,19,14,23,0,19
1400000US13151070107,13151070107,"Census Tract 701.07, Henry County, Georgia",7005,698,7005,698,6548,758,1852,189,1083,208,769,210,1486,172,2822,466,2452,410,84,98,286,248,93,109,0,19,134,143,29,45,26,40,43,69,63,79,28,43,0,19,20,32,0,19,15,26,457,157,425,145,153,83,153,83,0,19,272,137,247,133,25,34,32,40,0,19,32,40,0,19,0,19,0,19,0,19
1400000US13151070108,13151070108,"Census Tract 701.08, Henry County, Georgia",4637,587,4637,587,3867,697,1265,189,666,189,599,179,858,198,1513,388,1392,359,48,46,73,76,41,39,64,59,0,13,0,13,15,25,43,69,68,88,0,13,0,13,68,88,0,13,0,13,770,250,593,170,320,139,297,139,23,37,273,109,156,82,117,80,177,124,93,114,0,13,62,52,0,13,22,37,0,13
1400000US13151070109,13151070109,"Census Tract 701.09, Henry County, Georgia",3318,348,3318,348,3098,375,935,110,566,142,369,110,744,133,1167,231,1004,244,9,17,154,113,77,76,22,38,0,13,16,25,30,49,41,47,66,74,0,13,0,13,0,13,0,13,66,74,220,78,220,78,46,35,46,35,0,13,174,70,174,70,0,13,0,13,0,13,0,13,0,13,0,13,0,13,0,13
1400000US13151070110,13151070110,"Census Tract 701.10, Henry County, Georgia",7452,812,7452,812,6637,881,1861,193,1213,172,648,158,1461,208,2402,553,2137,539,106,129,159,136,125,98,119,96,116,73,33,39,44,48,82,86,394,235,43,65,214,188,105,95,0,19,32,50,815,215,637,172,287,112,229,114,58,60,350,120,279,123,71,42,178,99,0,19,82,81,58,41,0,19,38,44,0,19
1400000US13151070111,13151070111,"Census Tract 701.11, Henry County, Georgia",7311,731,7304,730,6083,768,1905,265,808,210,1097,255,1080,221,2201,438,2062,435,46,67,93,117,163,124,67,59,133,99,0,19,13,21,171,165,350,232,0,19,150,182,57,67,84,124,59,78,1221,321,1093,276,536,245,492,243,44,53,557,164,488,155,69,62,128,95,0,19,50,59,78,65,0,19,0,19,7,6
1400000US13151070113,13151070113,"Census Tract 701.13, Henry County, Georgia",3795,519,3791,520,3050,467,894,134,635,155,259,114,723,133,1166,310,1123,305,0,13,43,44,168,154,19,34,19,30,0,13,0,13,41,49,20,30,0,13,0,13,20,30,0,13,0,13,741,324,549,200,358,154,267,143,91,89,191,110,191,110,0,13,192,216,176,215,0,13,16,27,0,13,0,13,4,3
1400000US13151070114,13151070114,"Census Tract 701.14, Henry County, Georgia",5153,572,5132,572,4388,589,1409,194,743,164,666,184,725,150,1848,349,1610,319,107,128,131,108,96,99,44,51,22,37,105,92,0,19,86,91,53,52,12,24,0,19,41,47,0,19,0,19,744,236,661,183,306,144,306,144,0,19,355,141,267,108,88,99,83,92,0,19,0,19,83,92,0,19,0,19,21,14
1400000US13151070202,13151070202,"Census Tract 702.02, Henry County, Georgia",11350,787,11350,787,10929,824,3079,185,1954,236,1125,193,2642,210,4027,427,3741,392,61,57,225,187,531,323,52,61,235,119,72,55,40,48,145,108,106,80,0,21,21,31,56,63,16,25,13,22,421,136,362,108,134,69,125,68,9,14,228,79,202,77,26,30,59,58,0,21,50,56,9,14,0,21,0,21,0,21
1400000US13151070203,13151070203,"Census Tract 702.03, Henry County, Georgia",15153,877,15153,877,14214,928,4170,242,2749,283,1421,277,3604,261,5346,573,5014,580,186,135,146,80,248,161,44,67,294,158,82,79,52,69,127,116,247,176,12,21,37,43,61,60,0,21,137,149,939,265,746,210,188,89,133,78,55,48,558,205,483,200,75,79,193,133,0,21,21,38,117,94,0,21,55,53,0,21
1400000US13151070204,13151070204,"Census Tract 702.04, Henry County, Georgia",4523,287,4523,287,4268,341,1356,113,661,152,695,162,998,176,1630,225,1587,224,28,31,15,19,81,70,0,13,138,108,17,28,30,38,18,30,0,13,0,13,0,13,0,13,0,13,0,13,255,163,198,98,116,88,66,58,50,74,82,57,82,57,0,13,57,84,0,13,0,13,0,13,0,13,57,84,0,13
1400000US13151070205,13151070205,"Census Tract 702.05, Henry County, Georgia",10390,760,10380,759,9623,821,2836,238,1843,280,993,241,1964,265,3739,496,3443,499,71,87,225,183,518,245,48,53,122,91,53,55,45,51,153,127,145,93,13,21,0,21,91,77,18,28,23,38,757,217,736,216,352,163,339,164,13,23,384,138,384,138,0,21,21,35,21,35,0,21,0,21,0,21,0,21,10,11
1400000US13151070304,13151070304,"Census Tract 703.04, Henry County, Georgia",11904,742,11095,727,9619,803,2649,224,1376,229,1273,233,1669,213,3782,472,3545,493,103,81,134,124,808,482,97,114,134,120,21,36,59,74,155,162,245,149,17,27,0,21,168,117,0,21,60,98,1476,323,1121,213,584,175,433,143,151,94,537,150,410,119,127,74,355,167,0,21,122,102,184,99,0,21,49,84,809,143
1400000US13151070305,13151070305,"Census Tract 703.05, Henry County, Georgia",8634,649,8634,649,7997,708,2314,170,1366,206,948,198,1636,169,3042,470,2943,440,43,66,56,51,382,229,183,185,146,94,69,65,4,12,63,73,158,96,36,39,15,28,0,19,0,19,107,84,637,179,590,166,218,125,218,125,0,19,372,116,315,110,57,55,47,45,0,19,0,19,26,32,0,19,21,34,0,19
1400000US13151070306,13151070306,"Census Tract 703.06, Henry County, Georgia",9229,763,9229,763,8253,752,2357,230,1351,210,1006,230,1776,207,3314,455,3146,447,27,46,141,89,256,169,120,114,136,77,0,19,21,32,97,122,176,125,19,27,15,24,85,86,0,19,57,61,976,259,755,179,300,117,246,102,54,56,455,137,386,136,69,57,221,152,31,52,31,50,83,69,0,19,76,88,0,19
1400000US13151070307,13151070307,"Census Tract 703.07, Henry County, Georgia",3979,422,3976,422,3491,440,1042,127,664,127,378,100,857,145,1163,295,985,263,22,24,156,95,80,64,26,35,71,64,36,46,29,47,179,200,8,13,8,13,0,13,0,13,0,13,0,13,485,136,452,126,68,63,68,63,0,13,384,114,362,112,22,25,33,36,0,13,20,31,13,19,0,13,0,13,3,4
1400000US13151070309,13151070309,"Census Tract 703.09, Henry County, Georgia",7660,671,7660,671,6938,696,1969,218,1131,246,838,207,1543,171,2870,437,2664,450,32,40,174,121,56,56,0,19,100,71,58,57,66,64,128,89,148,107,0,19,0,19,0,19,0,19,148,107,722,431,496,197,104,64,104,64,0,19,392,188,251,121,141,176,226,274,0,19,226,274,0,19,0,19,0,19,0,19
1400000US13151070310,13151070310,"Census Tract 703.10, Henry County, Georgia",4018,336,4013,336,3604,390,1160,153,624,142,536,167,842,123,1208,231,1150,230,30,47,28,32,69,63,27,41,55,57,27,40,97,93,38,63,81,103,0,13,16,28,65,99,0,13,0,13,409,150,409,150,185,100,185,100,0,13,224,114,224,114,0,13,0,13,0,13,0,13,0,13,0,13,0,13,5,3
1400000US13151070311,13151070311,"Census Tract 703.11, Henry County, Georgia",11209,1129,11209,1129,9599,1322,2763,341,1044,300,1719,343,1515,312,4058,734,3868,686,50,69,140,128,415,362,120,126,313,238,0,21,73,93,187,154,155,97,0,21,24,39,121,89,0,21,10,20,1610,445,1243,303,367,161,334,156,33,41,876,274,736,249,140,102,367,235,49,80,267,212,51,58,0,21,0,21,0,21
1400000US13151070402,13151070402,"Census Tract 704.02, Henry County, Georgia",12915,768,12913,768,12326,874,3297,227,2109,264,1188,244,2852,231,4880,452,4348,402,90,70,442,262,539,281,52,46,90,70,15,24,134,117,86,56,381,200,22,41,77,99,167,109,0,21,115,100,587,257,445,164,194,113,113,79,81,78,251,115,204,97,47,49,142,113,0,21,19,35,123,97,0,21,0,21,2,2
1400000US13151070403,13151070403,"Census Tract 704.03, Henry County, Georgia",10791,807,10791,807,10036,867,2794,242,1629,264,1165,194,2065,272,3699,505,3450,477,85,61,164,112,556,203,38,56,56,63,0,21,162,95,328,197,338,185,23,37,13,21,186,124,0,21,116,107,755,288,596,205,271,113,179,102,92,79,325,130,275,103,50,79,159,117,0,21,20,32,122,105,0,21,17,26,0,21
1400000US13151070404,13151070404,"Census Tract 704.04, Henry County, Georgia",6306,933,6306,933,5790,933,1698,245,944,204,754,177,1217,194,1984,523,1946,527,20,34,18,31,97,77,177,214,118,94,50,61,43,47,146,188,260,209,0,19,151,182,33,38,13,21,63,78,516,207,423,165,237,134,202,128,35,45,186,112,139,92,47,63,93,87,18,29,33,55,42,59,0,19,0,19,0,19
1400000US13151070501,13151070501,"Census Tract 705.01, Henry County, Georgia",6161,673,6153,670,5343,716,1494,206,831,206,663,193,1071,231,2087,401,2026,411,0,19,61,47,427,286,0,19,41,38,0,19,36,49,6,12,181,126,0,19,0,19,44,43,0,19,137,122,810,330,607,212,154,106,102,93,52,53,453,178,419,171,34,54,203,198,0,19,0,19,42,44,0,19,161,178,8,7
1400000US13151070502,13151070502,"Census Tract 705.02, Henry County, Georgia",13124,1004,13101,1004,11355,1099,3072,292,1817,283,1255,255,2283,299,4829,653,4356,649,174,130,299,198,481,264,38,43,157,112,24,32,242,150,133,116,96,80,12,21,0,21,0,21,0,21,84,78,1746,502,1282,304,524,196,401,177,123,106,758,227,539,162,219,171,464,272,159,162,121,182,158,133,0,21,26,32,23,17
1400000US13153020105,13153020105,"Census Tract 201.05, Houston County, Georgia",5950,602,5738,596,4653,662,1360,183,736,167,624,182,920,166,1966,440,1913,437,0,19,53,53,251,161,62,68,0,19,0,19,37,42,0,19,57,67,0,19,0,19,57,67,0,19,0,19,1085,304,886,208,357,157,238,115,119,107,529,164,457,157,72,91,199,142,0,19,14,22,185,140,0,19,0,19,212,101
1400000US13153020106,13153020106,"Census Tract 201.06, Houston County, Georgia",2693,545,2647,556,2230,573,734,98,420,88,314,121,588,93,797,429,797,429,0,13,0,13,23,27,0,13,0,13,0,13,23,34,29,41,36,41,0,13,0,13,26,32,0,13,10,23,417,141,378,125,219,121,219,121,0,13,159,87,131,83,28,27,39,39,0,13,0,13,9,15,0,13,30,35,46,28
1400000US13153020108,13153020108,"Census Tract 201.08, Houston County, Georgia",5714,611,5692,612,4889,645,1426,191,797,196,629,170,1087,182,1904,322,1782,300,0,19,122,96,131,108,39,53,27,46,0,19,63,80,29,46,183,143,41,56,0,19,63,73,0,19,79,97,803,246,610,176,208,111,170,112,38,57,402,133,340,139,62,58,193,165,0,19,0,19,36,42,0,19,157,160,22,12
1400000US13153020109,13153020109,"Census Tract 201.09, Houston County, Georgia",8342,853,8305,850,7268,909,2191,228,1189,238,1002,219,1665,256,2755,476,2504,471,132,99,119,98,131,119,139,121,41,67,23,42,51,71,103,104,169,168,0,19,0,19,84,94,0,19,85,132,1037,234,888,172,252,128,189,99,63,64,636,156,615,155,21,26,149,111,0,19,120,98,0,19,0,19,29,49,37,28
1400000US13153020200,13153020200,"Census Tract 202, Houston County, Georgia",5174,547,5149,547,4229,591,1227,178,622,187,605,149,808,188,1530,403,1447,381,11,21,72,77,344,214,57,65,0,19,28,43,22,37,46,58,167,118,11,21,34,55,51,52,14,22,57,80,920,251,798,198,341,127,266,115,75,76,457,149,425,145,32,27,122,96,0,19,77,91,45,50,0,19,0,19,25,9
1400000US13153020300,13153020300,"Census Tract 203, Houston County, Georgia",6370,701,6354,704,4930,792,1292,201,542,168,750,159,618,178,1661,397,1615,400,0,19,46,54,361,185,413,230,252,156,0,19,20,32,208,112,105,96,27,47,0,19,34,40,0,19,44,70,1424,297,1143,205,635,185,545,175,90,69,508,127,477,127,31,31,281,193,25,40,185,172,52,69,0,19,19,29,16,18
1400000US13153020400,13153020400,"Census Tract 204, Houston County, Georgia",3511,456,3493,462,2970,483,847,146,432,146,415,105,373,130,1042,261,1015,256,14,19,13,20,232,97,118,108,97,94,0,13,12,18,84,75,165,121,0,13,45,67,40,42,49,53,31,47,523,241,355,110,114,75,72,56,42,49,241,89,228,86,13,21,168,180,0,13,137,177,12,17,0,13,19,30,18,25
1400000US13153020600,13153020600,"Census Tract 206, Houston County, Georgia",1225,101,832,91,821,93,213,26,155,23,58,25,196,28,369,56,359,54,0,13,10,10,0,13,0,13,15,3,11,18,0,13,17,18,0,13,0,13,0,13,0,13,0,13,0,13,11,8,11,8,1,3,1,3,0,13,10,9,10,9,0,13,0,13,0,13,0,13,0,13,0,13,0,13,393,64
1400000US13153020700,13153020700,"Census Tract 207, Houston County, Georgia",3278,419,3278,419,2681,486,718,119,261,91,457,120,400,94,1270,289,1184,290,37,37,49,49,151,139,12,21,0,13,21,36,0,13,27,42,82,77,36,58,11,18,27,27,8,13,0,13,597,162,512,128,212,84,169,73,43,38,300,105,300,105,0,13,85,85,8,12,44,72,33,38,0,13,0,13,0,13
1400000US13153020800,13153020800,"Census Tract 208, Houston County, Georgia",2693,382,2693,382,2253,349,602,93,365,82,237,99,425,91,1103,290,1064,299,24,31,15,19,62,68,31,42,2,12,0,13,0,13,8,16,20,27,0,13,0,13,20,27,0,13,0,13,440,247,300,86,249,86,212,84,37,54,51,33,51,33,0,13,140,207,0,13,48,69,0,13,0,13,92,138,0,13
1400000US13153020900,13153020900,"Census Tract 209, Houston County, Georgia",3870,428,3865,427,3221,486,960,112,643,106,317,103,724,99,1077,243,992,244,19,23,66,53,174,113,43,57,23,37,0,13,12,20,129,90,79,53,15,29,0,13,57,42,0,13,7,14,644,168,571,143,186,85,168,83,18,21,385,116,325,107,60,56,73,53,0,13,0,13,73,53,0,13,0,13,5,4
1400000US13153021000,13153021000,"Census Tract 210, Houston County, Georgia",6297,470,6292,470,5090,562,1482,159,910,171,572,158,1049,133,2153,425,2117,424,0,19,36,51,144,97,41,56,10,20,19,28,22,26,60,64,110,92,0,19,14,23,47,56,0,19,49,62,1202,257,1019,213,446,150,378,141,68,80,573,168,502,156,71,77,183,133,30,49,47,51,50,78,0,19,56,89,5,3
1400000US13153021103,13153021103,"Census Tract 211.03, Houston County, Georgia",9069,699,9066,698,8307,738,2574,209,1761,207,813,142,2138,245,3050,379,2712,349,99,101,239,119,131,136,45,53,77,73,0,19,19,30,144,102,129,104,0,19,0,19,26,36,54,76,49,60,759,350,477,153,217,89,117,51,100,88,260,119,260,119,0,19,282,274,173,245,79,116,30,35,0,19,0,19,3,7
1400000US13153021104,13153021104,"Census Tract 211.04, Houston County, Georgia",7771,722,7748,722,6153,756,1860,195,1172,215,688,161,1270,213,2136,394,1977,379,10,18,149,102,327,149,102,85,31,36,17,27,22,36,160,133,228,137,40,49,27,47,38,35,7,13,116,116,1595,317,1281,238,481,150,345,129,136,66,800,216,785,213,15,23,314,159,14,22,0,19,44,47,0,19,256,175,23,15
1400000US13153021105,13153021105,"Census Tract 211.05, Houston County, Georgia",6228,717,6210,717,5136,852,1475,222,840,214,635,166,1130,218,2097,534,1969,494,99,114,29,34,66,108,76,72,47,49,0,19,0,19,245,224,0,19,0,19,0,19,0,19,0,19,0,19,1074,265,963,224,579,181,540,182,39,47,384,157,322,141,62,70,111,96,0,19,0,19,111,96,0,19,0,19,18,18
1400000US13153021107,13153021107,"Census Tract 211.07, Houston County, Georgia",7988,705,7988,705,7259,751,2400,180,1652,182,748,179,1938,206,2316,364,2195,362,25,46,96,70,106,110,51,59,60,60,0,19,0,19,309,251,79,66,0,19,0,19,79,66,0,19,0,19,729,173,648,135,317,98,256,89,61,60,331,100,331,100,0,19,81,81,46,74,0,19,35,41,0,19,0,19,0,19
1400000US13153021108,13153021108,"Census Tract 211.08, Houston County, Georgia",6234,486,6234,486,5334,613,1566,191,1049,160,517,153,1214,177,2234,386,2095,369,74,76,65,59,71,105,51,48,33,52,34,52,0,19,19,32,112,105,6,11,28,46,10,18,0,19,68,93,900,275,687,191,465,194,351,181,114,86,222,108,173,91,49,75,213,145,0,19,78,105,104,92,0,19,31,35,0,19
1400000US13153021113,13153021113,"Census Tract 211.13, Houston County, Georgia",17759,791,17748,791,16251,952,4995,328,3445,348,1550,315,4123,306,6360,660,5810,681,176,136,374,179,244,147,21,33,101,92,164,149,0,21,69,67,174,107,0,21,32,53,116,85,0,21,26,42,1497,344,1407,324,603,235,562,230,41,46,804,259,780,258,24,27,90,78,0,21,52,66,38,44,0,21,0,21,11,7
1400000US13153021201,13153021201,"Census Tract 212.01, Houston County, Georgia",6895,442,6847,440,6470,479,2043,146,1388,161,655,173,1739,145,2231,312,2110,315,38,45,83,67,133,88,35,42,69,80,7,15,0,19,164,149,49,44,0,19,16,25,33,35,0,19,0,19,377,150,336,130,220,115,206,111,14,22,116,65,103,59,13,22,41,47,22,35,19,31,0,19,0,19,0,19,48,36
1400000US13153021202,13153021202,"Census Tract 212.02, Houston County, Georgia",5919,510,5897,512,4614,586,1321,166,588,153,733,158,999,144,1924,414,1652,376,141,145,131,87,184,179,84,87,20,34,0,19,0,19,67,87,15,28,0,19,0,19,0,19,0,19,15,28,1283,334,987,224,460,191,360,196,100,75,527,218,417,180,110,106,296,191,97,153,67,94,54,54,0,19,78,127,22,27
1400000US13153021300,13153021300,"Census Tract 213, Houston County, Georgia",4235,485,4074,463,3541,489,1117,141,474,116,643,148,667,141,1403,337,1366,325,0,13,37,41,81,46,20,23,39,52,0,13,32,33,94,97,88,62,0,13,12,19,45,42,0,13,31,49,533,147,509,146,281,138,281,138,0,13,228,99,197,82,31,50,24,40,0,13,0,13,24,40,0,13,0,13,161,117
1400000US13153021400,13153021400,"Census Tract 214, Houston County, Georgia",8804,690,8076,658,7539,688,2544,226,1637,212,907,197,1941,220,2417,346,2290,328,72,69,55,54,161,114,12,21,21,34,159,194,65,101,59,50,160,91,0,19,0,19,99,71,0,19,61,56,537,193,434,146,265,121,196,103,69,55,169,83,169,83,0,19,103,95,0,19,67,89,36,33,0,19,0,19,728,233
1400000US13153021500,13153021500,"Census Tract 215, Houston County, Georgia",4680,670,4680,670,4208,715,1164,166,670,144,494,114,844,175,1655,348,1543,347,28,33,84,59,238,116,93,75,42,49,0,13,11,17,87,90,74,91,0,13,0,13,33,44,10,18,31,47,472,160,417,130,166,100,129,82,37,59,251,91,228,91,23,19,55,56,0,13,0,13,55,56,0,13,0,13,0,13
1400000US13155950100,13155950100,"Census Tract 9501, Irwin County, Georgia",2334,283,2334,283,2119,300,645,112,458,98,187,84,605,100,684,190,629,181,16,26,39,44,48,50,17,26,40,55,0,13,0,13,47,57,33,32,0,13,0,13,12,16,0,13,21,26,215,93,171,67,56,44,39,37,17,21,115,53,98,46,17,27,44,42,21,35,0,13,23,30,0,13,0,13,0,13
1400000US13155950200,13155950200,"Census Tract 9502, Irwin County, Georgia",7312,283,6563,353,5831,347,1730,172,972,196,758,170,1241,223,2241,353,2052,346,65,72,124,94,197,128,146,126,0,19,27,45,0,19,152,115,97,114,0,19,47,71,50,56,0,19,0,19,732,232,639,191,180,97,175,97,5,8,459,146,384,136,75,79,93,87,0,19,0,19,9,16,0,19,84,84,749,196
1400000US13157010101,13157010101,"Census Tract 101.01, Jackson County, Georgia",5712,621,5712,621,5075,804,1574,220,963,173,611,199,1421,208,1824,435,1742,415,16,20,66,67,83,69,0,19,23,24,17,26,10,11,79,67,44,40,32,38,0,19,6,6,0,19,6,10,637,327,450,196,169,78,151,70,18,21,281,175,105,83,176,159,187,147,12,20,42,65,131,133,0,19,2,3,0,19
1400000US13157010102,13157010102,"Census Tract 101.02, Jackson County, Georgia",5859,745,5859,745,5433,758,1610,170,1267,205,343,101,1433,190,1994,497,1827,500,82,78,85,60,152,106,49,43,45,53,0,19,61,66,34,35,55,40,0,19,0,19,33,30,0,19,22,19,426,164,344,117,102,54,74,44,28,27,242,97,227,95,15,25,82,77,0,19,18,29,31,29,0,19,33,40,0,19
1400000US13157010103,13157010103,"Census Tract 101.03, Jackson County, Georgia",5492,477,5488,477,4923,545,1427,201,939,199,488,145,1123,187,1664,246,1471,262,141,110,52,63,107,76,46,71,82,79,30,45,84,64,217,149,143,110,0,19,0,19,28,43,0,19,115,103,565,188,468,157,239,111,182,102,57,53,229,109,185,103,44,38,97,64,0,19,44,46,53,44,0,19,0,19,4,5
1400000US13157010200,13157010200,"Census Tract 102, Jackson County, Georgia",5217,522,5201,523,4711,548,1390,137,832,118,558,114,1024,170,1639,310,1558,306,12,23,69,40,270,121,62,45,56,52,25,26,60,44,81,50,104,58,3,6,0,19,73,47,0,19,28,23,490,146,387,106,178,91,113,67,65,51,209,75,182,68,27,27,103,64,0,19,22,23,67,47,0,19,14,21,16,16
1400000US13157010300,13157010300,"Census Tract 103, Jackson County, Georgia",5057,406,4799,405,4178,430,1361,164,748,156,613,157,994,167,1387,279,1344,284,17,30,26,30,165,105,9,14,81,119,22,25,24,27,26,33,109,80,40,62,0,19,58,53,0,19,11,19,621,155,513,116,269,86,212,75,57,41,244,83,208,79,36,28,108,66,0,19,42,48,66,38,0,19,0,19,258,129
1400000US13157010400,13157010400,"Census Tract 104, Jackson County, Georgia",5086,454,5086,454,4537,465,1503,150,658,125,845,146,1025,168,1419,264,1319,267,28,31,72,60,268,175,93,63,29,28,0,19,52,55,103,91,45,39,0,19,14,24,19,24,0,19,12,17,549,157,444,119,154,75,81,53,73,53,290,85,257,82,33,29,105,58,37,37,21,23,47,39,0,19,0,19,0,19
1400000US13157010500,13157010500,"Census Tract 105, Jackson County, Georgia",4743,601,4743,601,4259,625,1255,159,666,131,589,131,969,143,1565,373,1432,358,71,54,62,45,221,86,31,28,47,33,8,10,52,39,16,18,95,69,0,13,8,9,58,57,0,13,29,33,484,134,444,130,215,113,201,113,14,13,229,82,212,83,17,21,40,29,3,5,29,28,8,8,0,13,0,13,0,13
1400000US13157010600,13157010600,"Census Tract 106, Jackson County, Georgia",8512,856,8312,813,7419,871,2280,240,1137,165,1143,214,1734,223,2652,504,2599,508,11,17,42,41,284,134,174,82,70,53,6,12,69,43,113,94,37,34,4,6,0,19,14,22,4,6,15,23,893,258,680,186,384,144,255,119,129,85,296,116,248,113,48,35,213,115,3,5,52,76,133,86,0,19,25,29,200,157
1400000US13157010701,13157010701,"Census Tract 107.01, Jackson County, Georgia",2556,334,2190,302,1918,324,570,90,377,107,193,91,455,101,515,80,455,87,0,13,60,57,180,168,38,45,60,73,0,13,0,13,100,55,0,13,0,13,0,13,0,13,0,13,0,13,272,159,181,92,74,55,46,41,28,36,107,66,68,51,39,47,91,83,0,13,0,13,27,36,0,13,64,57,366,204
1400000US13157010702,13157010702,"Census Tract 107.02, Jackson County, Georgia",9119,789,9119,789,8401,801,2706,265,1452,251,1254,257,2095,277,3050,492,2695,459,187,200,168,218,201,196,49,58,112,82,52,48,21,37,2,5,113,93,0,19,0,19,31,54,46,62,36,54,718,233,662,220,341,149,341,149,0,19,321,142,265,135,56,52,56,54,0,19,0,19,56,54,0,19,0,19,0,19
1400000US13157010703,13157010703,"Census Tract 107.03, Jackson County, Georgia",2915,422,2915,422,2703,515,865,153,453,153,412,161,708,154,961,308,930,299,15,33,16,27,20,36,20,36,41,51,20,36,0,13,58,81,10,19,0,13,0,13,10,19,0,13,0,13,212,161,136,74,95,58,82,56,13,24,41,42,41,42,0,13,76,123,0,13,0,13,23,38,0,13,53,86,0,13
1400000US13159010100,13159010100,"Census Tract 101, Jasper County, Georgia",2377,355,2377,355,2119,349,636,95,308,79,328,87,453,101,573,183,568,181,0,13,5,9,181,129,68,45,28,28,10,15,44,43,23,24,103,73,62,71,0,13,38,34,3,5,0,13,258,64,216,57,98,45,62,45,36,18,118,51,118,51,0,13,42,26,0,13,0,13,25,19,0,13,17,18,0,13
1400000US13159010200,13159010200,"Census Tract 102, Jasper County, Georgia",2896,263,2896,263,2573,278,791,86,449,100,342,86,681,100,856,190,662,165,41,40,153,105,139,72,0,13,18,27,0,13,20,29,26,32,42,44,0,13,0,13,21,32,21,35,0,13,323,128,280,100,156,77,120,67,36,48,124,66,112,65,12,19,43,54,0,13,10,17,33,51,0,13,0,13,0,13
1400000US13159010500,13159010500,"Census Tract 105, Jasper County, Georgia",8513,448,8419,456,7430,494,2322,230,1342,218,980,207,1585,226,2809,317,2644,312,102,80,63,74,328,184,69,64,81,61,15,23,8,13,91,53,122,92,24,32,0,19,68,68,0,19,30,45,989,205,856,159,359,130,316,122,43,43,497,121,410,97,87,66,133,83,0,19,33,47,69,36,0,19,31,56,94,61
1400000US13161960100,13161960100,"Census Tract 9601, Jeff Davis County, Georgia",6720,650,6720,650,5955,677,1854,194,1281,205,573,171,1410,251,2002,416,1723,384,17,38,262,246,203,139,111,101,52,68,77,63,33,56,83,83,130,120,30,49,23,41,77,72,0,19,0,19,765,255,650,187,275,145,178,93,97,108,375,104,349,107,26,30,115,100,0,19,78,93,28,30,0,19,9,18,0,19
1400000US13161960200,13161960200,"Census Tract 9602, Jeff Davis County, Georgia",6491,641,6377,644,5584,675,1784,207,1362,226,422,156,1258,220,1990,398,1791,438,29,47,170,219,208,135,61,54,32,39,0,19,29,33,136,118,86,69,0,19,9,22,61,63,0,19,16,27,793,210,718,168,377,161,320,137,57,73,341,100,324,99,17,24,75,69,23,37,8,13,44,59,0,19,0,19,114,61
1400000US13161960300,13161960300,"Census Tract 9603, Jeff Davis County, Georgia",1761,305,1761,305,1557,313,525,106,320,100,205,85,389,93,450,159,398,154,10,13,42,59,29,29,29,41,2,4,0,13,0,13,59,65,74,74,3,5,16,25,21,21,0,13,34,52,204,83,178,71,72,53,66,52,6,9,106,43,86,39,20,32,26,27,4,8,1,3,15,24,0,13,6,9,0,13
1400000US13163960100,13163960100,"Census Tract 9601, Jefferson County, Georgia",5015,398,5015,398,4221,427,1315,132,675,117,640,111,789,116,1440,291,1396,290,32,38,12,23,263,148,82,79,22,37,0,19,28,31,137,82,145,88,0,19,32,48,19,24,0,19,94,64,794,202,684,166,324,108,261,103,63,46,360,124,323,112,37,48,110,73,0,19,4,8,83,63,0,19,23,28,0,19
1400000US13163960200,13163960200,"Census Tract 9602, Jefferson County, Georgia",1968,186,1959,185,1698,186,563,64,338,72,225,64,415,63,517,95,437,95,38,33,42,34,69,43,12,11,32,22,0,13,3,4,75,57,12,11,4,6,0,13,8,10,0,13,0,13,261,90,184,58,62,35,47,31,15,18,122,50,114,49,8,7,77,67,0,13,68,66,5,5,0,13,4,7,9,5
1400000US13163960300,13163960300,"Census Tract 9603, Jefferson County, Georgia",6442,452,5879,462,5111,517,1499,183,701,156,798,166,928,177,1901,267,1776,253,76,92,49,56,342,115,47,46,15,16,0,19,0,19,308,190,71,81,0,19,0,19,71,81,0,19,0,19,768,178,715,149,322,115,291,104,31,42,393,97,371,89,22,27,53,50,0,19,0,19,53,50,0,19,0,19,563,177
1400000US13163960400,13163960400,"Census Tract 9604, Jefferson County, Georgia",3392,384,3303,384,2876,431,830,117,272,79,558,102,489,114,1108,230,1074,220,23,21,11,16,283,123,47,40,43,34,7,11,0,13,61,47,8,12,0,13,0,13,7,12,0,13,1,4,427,107,390,100,121,58,121,58,0,13,269,90,243,87,26,23,37,31,0,13,8,12,20,23,0,13,9,14,89,86
1400000US13165960100,13165960100,"Census Tract 9601, Jenkins County, Georgia",6099,444,5967,441,5164,481,1557,159,745,179,812,167,952,185,1813,367,1708,368,24,40,81,78,242,138,46,51,79,79,0,19,0,19,139,136,336,178,0,19,0,19,295,170,0,19,41,49,803,224,711,182,341,147,279,135,62,67,370,135,351,129,19,33,92,78,0,19,21,34,35,48,0,19,36,53,132,83
1400000US13165960200,13165960200,"Census Tract 9602, Jenkins County, Georgia",2378,444,2378,444,2106,456,614,142,348,126,266,87,410,135,663,215,615,218,35,51,13,21,227,174,49,50,0,13,0,13,0,13,87,94,56,48,0,13,0,13,16,18,11,18,29,46,272,105,272,105,88,51,88,51,0,13,184,88,184,88,0,13,0,13,0,13,0,13,0,13,0,13,0,13,0,13
1400000US13167960100,13167960100,"Census Tract 9601, Johnson County, Georgia",2712,285,2661,286,2223,296,709,115,464,102,245,71,508,93,807,162,680,185,46,58,81,71,11,15,49,40,0,13,0,13,0,13,22,23,117,72,0,13,0,13,50,35,0,13,67,75,438,119,406,109,178,88,172,88,6,11,228,77,206,69,22,30,32,37,0,13,26,37,6,8,0,13,0,13,51,23
1400000US13167960200,13167960200,"Census Tract 9602, Johnson County, Georgia",5500,262,4166,279,3728,300,1120,163,499,111,621,125,722,136,1430,215,1273,235,86,56,71,61,183,119,83,71,57,59,0,19,0,19,85,104,48,40,0,19,22,30,26,26,0,19,0,19,438,133,387,107,208,78,195,75,13,16,179,71,159,69,20,29,51,51,0,19,19,31,32,42,0,19,0,19,1334,251
1400000US13167960300,13167960300,"Census Tract 9603, Johnson County, Georgia",1769,230,1769,230,1501,266,497,92,279,89,218,66,297,81,572,157,514,138,49,49,9,18,104,91,0,13,0,13,0,13,14,25,6,10,11,15,0,13,0,13,11,15,0,13,0,13,268,115,221,94,111,73,85,66,26,30,110,57,102,55,8,13,47,37,0,13,15,23,32,34,0,13,0,13,0,13
1400000US13169030101,13169030101,"Census Tract 301.01, Jones County, Georgia",2976,368,2976,368,2587,462,880,136,485,112,395,131,702,134,869,270,607,213,182,198,80,78,54,56,10,16,0,13,0,13,0,13,43,68,29,51,0,13,0,13,23,36,6,40,0,13,389,193,294,119,138,92,86,52,52,79,156,85,111,70,45,55,95,94,42,65,10,16,0,13,0,13,43,65,0,13
1400000US13169030103,13169030103,"Census Tract 301.03, Jones County, Georgia",2250,407,2250,407,2181,412,586,119,408,96,178,117,589,109,789,248,600,256,15,26,174,179,113,81,0,13,0,13,0,13,66,70,38,52,0,13,0,13,0,13,0,13,0,13,0,13,69,51,69,51,38,33,38,33,0,13,31,38,31,38,0,13,0,13,0,13,0,13,0,13,0,13,0,13,0,13
1400000US13169030104,13169030104,"Census Tract 301.04, Jones County, Georgia",7803,699,7803,699,6985,731,2173,269,1004,210,1169,212,1416,216,2566,425,2386,424,19,33,161,114,400,233,97,85,44,55,0,19,23,39,190,155,76,67,0,19,0,19,64,62,0,19,12,21,818,229,747,165,339,159,295,141,44,64,408,128,408,128,0,19,71,102,0,19,0,19,71,102,0,19,0,19,0,19
1400000US13169030200,13169030200,"Census Tract 302, Jones County, Georgia",2890,314,2790,323,2474,340,850,127,530,97,320,108,565,114,812,162,692,150,46,45,74,53,78,50,9,14,33,29,0,13,0,13,81,79,46,47,8,13,0,13,0,13,15,24,23,29,316,103,291,96,162,79,141,77,21,26,129,65,118,62,11,19,25,27,0,13,0,13,25,27,0,13,0,13,100,62
1400000US13169030301,13169030301,"Census Tract 303.01, Jones County, Georgia",6905,566,6725,570,6012,602,1927,211,998,165,929,186,1315,170,2386,367,2189,369,58,66,139,94,104,88,107,169,56,47,21,27,25,38,10,17,61,58,0,19,0,19,26,28,35,48,0,19,713,214,619,172,254,113,200,93,54,49,365,126,354,126,11,18,94,80,0,19,0,19,75,57,0,19,19,33,180,83
1400000US13169030302,13169030302,"Census Tract 303.02, Jones County, Georgia",5814,519,5805,519,5081,618,1603,206,969,230,634,153,1235,211,1908,368,1729,352,39,62,140,111,134,82,62,71,0,19,0,19,0,19,41,46,98,82,20,31,0,19,49,45,0,19,29,46,724,339,492,207,271,164,163,136,108,88,221,124,145,87,76,105,232,179,0,19,0,19,183,131,0,19,49,77,9,17
1400000US13171970100,13171970100,"Census Tract 9701, Lamar County, Georgia",6445,478,6440,478,5819,504,1802,186,956,161,846,178,1351,156,1910,323,1650,324,71,67,189,121,240,139,44,65,68,58,7,14,6,10,156,111,235,128,0,19,28,38,33,39,0,19,174,113,621,165,470,120,176,86,129,74,47,37,294,98,245,93,49,48,151,87,13,25,61,60,37,31,0,19,40,51,5,4
1400000US13171970200,13171970200,"Census Tract 9702, Lamar County, Georgia",7213,428,6314,410,5150,433,1479,161,753,167,726,138,1102,137,1914,276,1624,280,25,29,265,152,405,223,54,58,0,19,0,19,14,23,80,76,102,120,0,19,10,17,92,121,0,19,0,19,1164,234,1053,201,467,142,407,131,60,62,586,153,528,142,58,55,111,73,0,19,0,19,101,68,0,19,10,16,899,226
1400000US13171970300,13171970300,"Census Tract 9703, Lamar County, Georgia",4493,453,4332,437,3800,444,1196,155,560,144,636,116,842,148,1342,239,1255,243,51,65,36,33,101,59,68,51,55,48,11,18,21,18,55,52,109,90,0,13,64,69,30,51,0,13,15,25,532,169,458,126,213,85,188,76,25,30,245,91,233,88,12,18,74,79,0,13,25,30,2,3,0,13,47,72,161,77
1400000US13173950100,13173950100,"Census Tract 9501, Lanier County, Georgia",2097,388,2097,388,1837,401,580,129,321,118,259,113,474,120,615,179,615,179,0,13,0,13,86,88,26,39,36,38,0,13,9,25,0,13,11,23,0,13,0,13,11,23,0,13,0,13,260,118,234,107,77,55,58,47,19,26,157,87,150,87,7,11,26,32,0,13,0,13,21,30,0,13,5,12,0,13
1400000US13173950200,13173950200,"Census Tract 9502, Lanier County, Georgia",7969,388,7596,416,6908,477,2133,244,1225,214,908,199,1371,208,2061,304,1983,300,36,40,42,42,758,339,182,115,118,113,0,19,8,16,101,120,176,101,0,19,0,19,98,87,0,19,78,71,688,176,680,175,398,144,384,141,14,26,282,138,282,138,0,19,8,14,0,19,0,19,8,14,0,19,0,19,373,152
1400000US13175950100,13175950100,"Census Tract 9501, Laurens County, Georgia",3248,354,3248,354,2742,394,770,118,429,107,341,89,577,120,1015,209,915,217,87,71,13,17,199,144,12,21,26,40,0,13,0,13,47,51,96,62,0,13,20,33,56,49,20,35,0,13,506,121,444,107,221,78,221,78,0,13,223,81,180,79,43,29,62,44,0,13,37,39,25,26,0,13,0,13,0,13
1400000US13175950201,13175950201,"Census Tract 9502.01, Laurens County, Georgia",4455,399,4450,400,4021,431,1319,162,844,185,475,146,1014,145,1298,228,1195,237,16,25,87,83,124,86,10,23,81,69,0,13,0,13,82,77,93,99,59,91,0,13,23,38,6,11,5,8,429,147,416,140,174,86,160,85,14,23,242,114,242,114,0,13,13,22,0,13,0,13,13,22,0,13,0,13,5,3
1400000US13175950202,13175950202,"Census Tract 9502.02, Laurens County, Georgia",4187,425,4170,428,3765,445,1196,128,667,144,529,133,999,116,1332,228,1302,232,13,24,17,30,134,139,29,35,42,56,33,49,0,13,0,13,0,13,0,13,0,13,0,13,0,13,0,13,405,149,363,132,183,89,161,86,22,30,180,98,180,98,0,13,42,55,0,13,0,13,0,13,0,13,42,55,17,30
1400000US13175950300,13175950300,"Census Tract 9503, Laurens County, Georgia",2086,333,2086,333,1738,369,505,98,250,91,255,72,227,83,692,238,634,245,58,80,0,13,104,82,49,54,0,13,0,13,31,50,78,84,52,59,0,13,0,13,27,43,0,13,25,38,348,108,294,96,135,69,122,66,13,21,159,73,141,71,18,17,54,47,0,13,50,47,4,8,0,13,0,13,0,13
1400000US13175950400,13175950400,"Census Tract 9504, Laurens County, Georgia",3983,386,3854,384,3085,410,891,122,421,113,470,118,497,110,1307,263,1223,258,19,20,65,59,195,124,25,30,0,13,15,24,7,12,68,61,80,72,0,13,0,13,80,72,0,13,0,13,769,128,730,122,229,84,205,82,24,20,501,115,494,115,7,11,39,28,0,13,11,17,28,22,0,13,0,13,129,57
1400000US13175950500,13175950500,"Census Tract 9505, Laurens County, Georgia",4090,437,3826,434,3325,429,1010,110,574,113,436,106,740,110,1047,231,952,229,0,13,95,62,149,89,58,70,18,28,22,24,15,25,0,13,266,281,16,25,0,13,0,13,234,275,16,23,501,176,345,104,124,53,63,39,61,42,221,88,208,86,13,21,156,101,24,37,69,66,31,31,22,36,10,16,264,101
1400000US13175950600,13175950600,"Census Tract 9506, Laurens County, Georgia",2082,214,2076,212,1890,237,565,67,313,64,252,50,444,65,796,174,761,175,27,26,8,8,25,20,8,11,21,19,0,13,0,13,23,21,8,10,0,13,0,13,1,2,0,13,7,10,186,74,163,65,90,55,77,52,13,13,73,35,70,35,3,7,23,21,4,7,12,16,7,11,0,13,0,13,6,6
1400000US13175950700,13175950700,"Census Tract 9507, Laurens County, Georgia",2521,302,2521,302,2204,354,688,99,403,86,285,88,510,88,791,207,767,201,0,13,24,24,111,71,17,24,7,11,0,13,21,32,37,33,22,19,0,13,0,13,19,18,0,13,3,5,317,142,247,91,123,69,89,48,34,38,124,62,112,62,12,17,70,68,7,13,0,13,14,18,0,13,49,62,0,13
1400000US13175950800,13175950800,"Census Tract 9508, Laurens County, Georgia",4415,387,3945,352,3371,386,1025,132,518,114,507,132,624,118,1379,230,1265,205,0,13,114,83,72,64,17,28,104,103,0,13,17,28,45,40,88,70,0,13,0,13,51,45,0,13,37,42,574,145,516,123,215,87,171,81,44,45,301,79,289,79,12,19,58,46,0,13,12,17,46,43,0,13,0,13,470,159
1400000US13175950900,13175950900,"Census Tract 9509, Laurens County, Georgia",2529,342,2503,340,2074,334,579,95,130,64,449,94,194,73,1055,238,1055,238,0,13,0,13,77,88,9,14,19,28,0,13,13,23,87,133,41,37,0,13,17,27,24,25,0,13,0,13,429,82,409,82,178,74,173,75,5,8,231,66,224,67,7,13,20,27,0,13,0,13,4,8,0,13,16,26,26,14
1400000US13175951000,13175951000,"Census Tract 9510, Laurens County, Georgia",8145,630,8145,630,7354,678,2058,189,1076,210,982,205,1377,169,2634,415,2563,428,12,21,59,40,440,195,195,121,122,107,20,31,23,35,173,106,312,156,94,96,15,24,151,107,0,19,52,76,791,174,726,154,283,73,259,72,24,23,443,127,420,119,23,30,65,51,11,17,0,19,42,34,0,19,12,21,0,19
1400000US13175951100,13175951100,"Census Tract 9511, Laurens County, Georgia",4054,366,4034,368,3738,379,1050,104,582,104,468,102,733,108,1558,217,1332,218,18,23,208,167,133,88,128,118,75,71,15,22,0,13,11,18,35,35,0,13,0,13,35,35,0,13,0,13,296,84,262,71,104,40,80,34,24,23,158,65,158,65,0,13,34,32,0,13,16,25,18,19,0,13,0,13,20,32
1400000US13175951400,13175951400,"Census Tract 9514, Laurens County, Georgia",2469,378,2230,356,1822,357,594,97,345,80,249,70,458,90,615,215,604,213,0,13,11,17,86,62,10,11,19,23,0,13,13,21,15,19,12,13,0,13,0,13,12,13,0,13,0,13,408,102,368,96,149,79,141,78,8,9,219,63,197,65,22,23,40,26,0,13,4,6,21,22,0,13,15,18,239,133
1400000US13177020100,13177020100,"Census Tract 201, Lee County, Georgia",7096,616,7092,616,6568,678,2118,208,1424,247,694,189,1500,199,2509,430,2018,411,52,53,439,300,181,118,26,45,0,19,26,39,24,37,44,56,140,119,0,19,0,19,140,119,0,19,0,19,524,273,385,152,179,130,137,110,42,47,206,80,206,80,0,19,139,153,0,19,0,19,55,60,0,19,84,97,4,4
1400000US13177020200,13177020200,"Census Tract 202, Lee County, Georgia",1463,275,1463,275,1338,275,391,64,157,47,234,77,285,71,536,190,524,188,0,13,12,19,89,108,0,13,6,9,0,13,2,5,26,29,3,8,0,13,0,13,3,8,0,13,0,13,125,59,109,50,60,44,51,43,9,11,49,26,47,26,2,3,16,20,0,13,0,13,5,7,0,13,11,18,0,13
1400000US13177020300,13177020300,"Census Tract 203, Lee County, Georgia",7262,827,5877,552,5378,570,1611,175,903,161,708,129,1275,162,2120,383,2067,374,22,35,31,28,188,97,5,8,0,19,25,31,0,19,53,52,101,65,0,19,14,23,55,50,0,19,32,31,499,142,463,138,286,128,286,128,0,19,177,68,150,60,27,24,36,30,0,19,16,25,20,17,0,19,0,19,1385,491
1400000US13177020402,13177020402,"Census Tract 204.02, Lee County, Georgia",7117,704,7111,704,5871,732,1792,236,994,196,798,210,1318,202,2335,421,2007,416,15,27,313,164,193,104,20,31,111,100,0,19,37,35,18,35,47,41,0,19,0,19,47,41,0,19,0,19,1240,396,960,250,385,164,323,150,62,65,575,178,422,150,153,151,280,193,54,88,90,115,136,124,0,19,0,19,6,6
1400000US13177020403,13177020403,"Census Tract 204.03, Lee County, Georgia",5511,594,5492,595,4854,690,1358,138,1008,162,350,127,1313,142,1840,421,1776,412,51,59,13,22,93,131,13,21,157,92,0,19,24,36,18,27,38,64,0,19,0,19,0,19,0,19,38,64,638,323,438,149,119,85,100,75,19,32,319,123,245,99,74,93,200,219,0,19,147,150,53,76,0,19,0,19,19,17
1400000US13179010101,13179010101,"Census Tract 101.01, Liberty County, Georgia",6301,512,6266,512,6123,523,1493,136,883,140,610,138,1216,147,3285,361,3012,368,36,48,237,102,54,82,0,19,34,33,30,38,11,17,0,19,0,19,0,19,0,19,0,19,0,19,0,19,143,77,119,66,70,54,62,53,8,13,49,35,44,34,5,9,24,29,0,19,15,25,9,14,0,19,0,19,35,36
1400000US13179010102,13179010102,"Census Tract 101.02, Liberty County, Georgia",2124,303,656,151,626,167,151,56,126,44,25,27,127,43,328,96,328,96,0,13,0,13,0,13,0,13,0,13,0,13,0,13,0,13,20,21,0,13,0,13,13,19,0,13,7,10,30,28,30,28,0,13,0,13,0,13,30,28,30,28,0,13,0,13,0,13,0,13,0,13,0,13,0,13,1468,236
1400000US13179010103,13179010103,"Census Tract 101.03, Liberty County, Georgia",1672,343,1340,322,1266,338,380,97,301,92,79,42,332,87,511,207,408,197,0,13,103,56,20,35,0,13,14,24,0,13,0,13,0,13,9,15,0,13,0,13,9,15,0,13,0,13,74,60,74,60,61,57,61,57,0,13,13,23,13,23,0,13,0,13,0,13,0,13,0,13,0,13,0,13,332,94
1400000US13179010202,13179010202,"Census Tract 102.02, Liberty County, Georgia",4550,515,4550,515,4118,586,1308,178,881,150,427,115,919,161,1726,342,1418,308,97,100,211,159,0,13,61,63,0,13,0,13,0,13,91,63,13,15,0,13,8,13,0,13,0,13,5,9,432,193,370,160,209,110,187,106,22,26,161,93,113,65,48,56,62,53,13,21,0,13,49,47,0,13,0,13,0,13
1400000US13179010204,13179010204,"Census Tract 102.04, Liberty County, Georgia",3020,416,3020,416,2395,477,761,146,438,112,323,117,388,110,1008,286,911,284,32,44,65,44,36,27,46,59,0,13,0,13,0,13,40,38,116,86,0,13,54,61,62,67,0,13,0,13,625,210,499,174,255,124,164,108,91,58,244,111,225,114,19,28,126,72,0,13,37,46,72,44,0,13,17,27,0,13
1400000US13179010205,13179010205,"Census Tract 102.05, Liberty County, Georgia",5087,568,5087,568,4492,598,1576,225,1109,250,467,142,1141,225,1484,306,1435,309,0,19,49,43,54,54,14,23,0,19,7,16,0,19,89,100,127,89,0,19,29,39,79,72,14,24,5,10,595,298,407,167,126,89,46,42,80,80,281,141,271,137,10,17,188,177,0,19,101,106,87,89,0,19,0,19,0,19
1400000US13179010206,13179010206,"Census Tract 102.06, Liberty County, Georgia",4366,639,4332,631,3735,700,1157,185,740,162,417,116,806,172,1379,358,1240,331,52,58,87,76,194,132,82,94,33,43,0,13,2,4,8,54,74,45,0,13,0,13,29,18,0,13,45,45,597,192,564,181,344,145,335,144,9,10,220,107,215,105,5,8,33,38,4,10,12,20,14,21,0,13,3,5,34,35
1400000US13179010207,13179010207,"Census Tract 102.07, Liberty County, Georgia",5773,603,5773,603,5333,664,1609,181,979,194,630,178,1097,163,2128,405,2018,373,8,15,102,106,88,73,66,87,63,66,12,20,0,19,170,185,100,100,0,19,31,60,41,47,0,19,28,37,440,159,416,148,203,124,203,124,0,19,213,101,190,97,23,31,24,32,0,19,0,19,17,28,0,19,7,14,0,19
1400000US13179010208,13179010208,"Census Tract 102.08, Liberty County, Georgia",6328,651,6210,637,5807,685,1707,162,1079,191,628,169,1093,204,2569,426,2286,402,79,114,204,181,70,66,15,22,88,52,23,35,0,19,69,58,173,106,0,19,30,34,105,98,0,19,38,50,403,141,375,112,206,96,190,92,16,26,169,86,169,86,0,19,28,52,0,19,28,52,0,19,0,19,0,19,118,54
1400000US13179010300,13179010300,"Census Tract 103, Liberty County, Georgia",7299,542,7299,542,6362,597,2053,246,884,210,1169,278,1370,219,2342,319,2304,319,2,3,36,44,227,168,0,19,96,66,4,7,8,14,124,77,138,100,0,19,0,19,107,96,20,36,11,14,937,254,832,215,446,182,406,177,40,50,386,122,341,113,45,54,105,96,0,19,48,78,57,52,0,19,0,19,0,19
1400000US13179010400,13179010400,"Census Tract 104, Liberty County, Georgia",7580,656,7555,655,6545,693,2065,205,1115,187,950,180,1340,212,2389,381,2160,378,27,29,202,118,403,292,34,52,68,50,0,19,31,34,22,27,193,155,0,19,47,65,133,121,0,19,13,15,1010,363,781,228,489,182,382,164,107,89,292,123,260,107,32,43,229,208,0,19,16,26,94,80,0,19,119,190,25,24
1400000US13179010501,13179010501,"Census Tract 105.01, Liberty County, Georgia",3700,347,3698,346,3018,387,1168,157,821,164,347,100,964,141,777,181,685,172,41,59,51,51,6,11,18,27,0,13,0,13,46,54,17,29,22,29,0,13,0,13,22,29,0,13,0,13,680,209,468,123,253,97,169,86,84,70,215,85,156,74,59,41,212,125,0,13,72,97,62,48,0,13,78,84,2,3
1400000US13179010502,13179010502,"Census Tract 105.02, Liberty County, Georgia",5061,501,4930,492,4231,521,1312,157,726,135,586,164,971,135,1612,284,1389,253,174,146,49,35,98,77,12,16,93,86,0,19,34,46,54,54,45,40,0,19,0,19,13,20,12,18,20,30,699,172,609,137,308,103,263,91,45,40,301,96,262,92,39,50,90,69,0,19,20,23,70,63,0,19,0,19,131,107
1400000US13179010600,13179010600,"Census Tract 106, Liberty County, Georgia",1802,241,1802,241,1555,245,488,71,244,69,244,59,304,75,452,116,432,112,8,9,12,19,169,92,40,28,28,25,0,13,8,12,52,44,14,12,0,13,5,8,5,7,0,13,4,6,247,90,219,68,70,36,57,30,13,23,149,62,149,62,0,13,28,46,0,13,0,13,13,21,0,13,15,27,0,13
1400000US13179990000,13179990000,"Census Tract 9900, Liberty County, Georgia",0,13,0,13,0,13,0,13,0,13,0,13,0,13,0,13,0,13,0,13,0,13,0,13,0,13,0,13,0,13,0,13,0,13,0,13,0,13,0,13,0,13,0,13,0,13,0,13,0,13,0,13,0,13,0,13,0,13,0,13,0,13,0,13,0,13,0,13,0,13,0,13,0,13,0,13
1400000US13181970100,13181970100,"Census Tract 9701, Lincoln County, Georgia",3697,260,3621,250,3204,275,1171,125,610,86,561,102,676,95,965,197,879,189,66,48,20,25,122,70,36,30,24,23,10,11,52,53,80,47,68,70,6,13,13,24,49,62,0,13,0,13,417,84,414,83,160,62,154,63,6,7,254,64,252,63,2,5,3,8,2,7,0,13,0,13,0,13,1,3,76,49
1400000US13181970200,13181970200,"Census Tract 9702, Lincoln County, Georgia",4265,260,4265,260,3538,326,1155,126,664,125,491,106,874,125,1093,183,1016,188,0,13,77,61,154,90,11,17,13,16,21,26,19,23,107,99,91,67,0,13,0,13,18,20,0,13,73,57,727,153,672,143,363,111,335,108,28,30,309,91,293,92,16,19,55,51,8,12,0,13,29,28,0,13,18,29,0,13
1400000US13183970100,13183970100,"Census Tract 9701, Long County, Georgia",8005,715,8005,715,6593,764,1930,275,1357,279,573,194,1282,245,2670,521,2468,493,8,14,194,125,88,76,94,81,85,75,43,50,22,33,204,171,175,101,0,19,0,19,65,61,0,19,110,72,1412,455,886,234,496,170,282,141,214,114,390,147,361,146,29,44,526,305,0,19,172,231,175,124,0,19,179,177,0,19
1400000US13183970200,13183970200,"Census Tract 9702, Long County, Georgia",6483,715,6253,709,5770,754,1573,230,717,178,856,240,1057,170,2351,485,2111,438,70,113,170,93,166,106,93,90,100,95,88,123,41,51,214,142,87,68,9,13,0,19,18,31,0,19,60,57,483,144,466,140,154,75,140,74,14,25,312,134,312,134,0,19,17,32,0,19,0,19,17,32,0,19,0,19,230,159
1400000US13183980000,13183980000,"Census Tract 9800, Long County, Georgia",0,13,0,13,0,13,0,13,0,13,0,13,0,13,0,13,0,13,0,13,0,13,0,13,0,13,0,13,0,13,0,13,0,13,0,13,0,13,0,13,0,13,0,13,0,13,0,13,0,13,0,13,0,13,0,13,0,13,0,13,0,13,0,13,0,13,0,13,0,13,0,13,0,13,0,13
1400000US13185010101,13185010101,"Census Tract 101.01, Lowndes County, Georgia",4566,427,4503,424,3921,496,1093,155,615,142,478,118,807,114,1793,328,1678,326,77,63,38,38,60,39,15,24,0,13,0,13,0,13,0,13,153,174,0,13,0,13,80,76,0,13,73,114,582,201,474,157,288,136,224,128,64,59,186,91,153,77,33,45,108,80,13,21,29,32,66,64,0,13,0,13,63,40
1400000US13185010102,13185010102,"Census Tract 101.02, Lowndes County, Georgia",5515,478,5158,483,4664,470,1371,141,825,137,546,112,1062,162,2034,291,1893,292,114,88,27,44,24,25,47,57,15,24,0,19,0,19,11,17,100,66,0,19,23,30,51,55,0,19,26,30,494,200,316,97,166,75,113,71,53,36,150,61,102,46,48,34,178,142,23,30,105,149,37,27,0,19,13,23,357,92
1400000US13185010103,13185010103,"Census Tract 101.03, Lowndes County, Georgia",3144,293,3144,293,2997,315,884,102,539,123,345,101,692,108,1268,191,1129,165,41,39,98,89,57,68,33,37,0,13,9,26,0,13,51,55,3,7,0,13,0,13,0,13,0,13,3,7,147,87,147,87,94,82,94,82,0,13,53,44,53,44,0,13,0,13,0,13,0,13,0,13,0,13,0,13,0,13
1400000US13185010201,13185010201,"Census Tract 102.01, Lowndes County, Georgia",3441,410,2261,282,2117,277,670,79,349,75,321,84,496,63,785,184,695,138,14,27,76,85,44,35,37,36,15,23,0,13,0,13,39,39,31,34,0,13,0,13,13,19,0,13,18,27,144,59,144,59,82,52,82,52,0,13,62,33,62,33,0,13,0,13,0,13,0,13,0,13,0,13,0,13,1180,251
1400000US13185010202,13185010202,"Census Tract 102.02, Lowndes County, Georgia",10950,674,10945,674,10133,694,3044,225,1840,220,1204,226,2432,208,3897,440,3780,453,0,21,117,76,205,104,88,85,125,81,39,46,23,22,206,134,74,52,0,21,10,15,48,41,16,25,0,21,812,262,668,191,347,132,256,112,91,83,321,112,299,110,22,24,144,102,0,21,88,80,56,64,0,21,0,21,5,4
1400000US13185010301,13185010301,"Census Tract 103.01, Lowndes County, Georgia",5393,396,5391,396,4124,438,1347,159,810,166,537,156,1083,149,1351,203,1269,188,20,31,62,72,47,59,90,80,53,48,0,19,45,42,87,77,21,35,0,19,21,35,0,19,0,19,0,19,1267,297,911,159,473,131,311,108,162,114,438,137,353,133,85,58,356,180,0,19,236,165,90,89,0,19,30,47,2,2
1400000US13185010302,13185010302,"Census Tract 103.02, Lowndes County, Georgia",2972,286,2972,286,2522,361,821,122,562,103,259,91,701,126,785,167,773,171,12,19,0,13,55,54,72,59,34,45,0,13,18,28,15,22,21,32,0,13,21,32,0,13,0,13,0,13,450,182,331,112,104,81,70,66,34,45,227,87,177,71,50,49,119,93,13,21,43,52,63,63,0,13,0,13,0,13
1400000US13185010401,13185010401,"Census Tract 104.01, Lowndes County, Georgia",1752,261,1752,261,1090,190,357,57,220,60,137,53,294,66,346,105,343,99,0,13,3,11,72,53,0,13,0,13,0,13,0,13,0,13,21,23,0,13,0,13,0,13,0,13,21,23,662,251,427,77,185,79,112,55,73,55,242,64,220,63,22,21,235,214,18,21,203,223,14,23,0,13,0,13,0,13
1400000US13185010402,13185010402,"Census Tract 104.02, Lowndes County, Georgia",6578,580,6329,594,5310,725,1575,221,587,160,988,195,867,226,2204,404,2086,408,56,85,62,76,322,200,12,19,70,93,0,19,14,23,118,130,128,114,27,48,0,19,76,95,0,19,25,39,1019,321,821,225,345,160,268,145,77,58,476,149,395,133,81,81,198,143,0,19,29,38,128,106,0,19,41,65,249,124
1400000US13185010500,13185010500,"Census Tract 105, Lowndes County, Georgia",4689,496,4601,478,3586,557,1014,150,338,134,676,127,398,127,1462,330,1417,332,40,37,5,10,373,177,88,86,55,54,0,13,0,13,138,133,58,39,0,13,21,26,27,24,0,13,10,17,1015,361,611,144,429,118,288,90,141,99,182,78,135,63,47,38,404,259,0,13,282,209,91,75,0,13,31,38,88,103
1400000US13185010601,13185010601,"Census Tract 106.01, Lowndes County, Georgia",4964,435,4880,420,2845,478,964,188,361,133,603,171,414,127,1068,280,1053,278,0,13,15,21,187,125,0,13,0,13,0,13,0,13,163,186,49,57,18,31,6,13,25,46,0,13,0,13,2035,305,1570,228,715,207,585,171,130,97,855,221,607,190,248,132,465,169,17,27,291,140,143,122,0,13,14,30,84,83
1400000US13185010604,13185010604,"Census Tract 106.04, Lowndes County, Georgia",4805,398,4790,397,4046,475,1320,154,777,127,543,124,878,118,1469,242,1352,239,25,30,92,66,85,52,44,50,41,46,26,38,14,21,29,36,140,77,0,13,21,31,83,60,0,13,36,31,744,232,506,138,301,126,198,107,103,71,205,82,153,61,52,60,238,133,0,13,174,123,64,65,0,13,0,13,15,7
1400000US13185010700,13185010700,"Census Tract 107, Lowndes County, Georgia",3728,472,3726,471,3470,491,924,119,515,111,409,100,736,120,1342,266,1233,275,17,20,92,55,186,130,0,13,21,24,0,13,66,52,134,109,61,37,17,26,0,13,10,16,0,13,34,29,256,89,248,86,132,60,124,57,8,13,116,53,116,53,0,13,8,13,0,13,0,13,8,13,0,13,0,13,2,15
1400000US13185010800,13185010800,"Census Tract 108, Lowndes County, Georgia",5525,799,5525,799,4534,893,1218,179,364,115,854,174,465,138,1943,514,1822,488,121,120,0,19,288,278,356,199,0,19,0,19,0,19,62,67,202,197,0,19,123,173,23,30,56,94,0,19,991,249,828,167,411,129,296,111,115,100,417,138,405,133,12,19,163,137,0,19,18,30,108,94,0,19,37,57,0,19
1400000US13185010900,13185010900,"Census Tract 109, Lowndes County, Georgia",1999,314,1997,314,1815,315,508,69,80,44,428,71,280,94,715,127,699,131,4,7,12,30,183,125,54,46,32,33,0,13,0,13,6,11,37,48,0,13,0,13,0,13,3,5,34,48,182,72,157,63,94,55,73,54,21,23,63,35,63,35,0,13,25,26,0,13,0,13,11,17,0,13,14,21,2,2
1400000US13185011000,13185011000,"Census Tract 110, Lowndes County, Georgia",3869,509,3784,489,3230,525,818,138,265,107,553,117,227,106,1283,308,1239,308,25,30,19,29,349,184,104,75,57,54,0,13,0,13,183,130,209,96,11,19,20,34,106,70,0,13,72,53,554,179,411,102,254,116,208,117,46,49,157,72,133,56,24,39,143,130,0,13,101,114,42,48,0,13,0,13,85,64
1400000US13185011100,13185011100,"Census Tract 111, Lowndes County, Georgia",3561,460,1875,285,840,176,301,67,204,68,97,49,221,64,249,78,239,80,6,10,4,8,0,13,25,40,17,26,0,13,0,13,0,13,27,27,0,13,0,13,27,27,0,13,0,13,1035,250,492,92,290,105,171,67,119,85,202,77,90,42,112,63,543,209,27,29,433,227,14,17,0,13,69,81,1686,359
1400000US13185011200,13185011200,"Census Tract 112, Lowndes County, Georgia",4556,456,4544,455,2971,466,936,127,555,104,381,127,694,108,993,202,814,198,21,24,158,136,70,75,54,42,68,62,13,21,68,103,26,27,49,55,0,13,35,52,14,23,0,13,0,13,1573,296,882,146,491,137,305,118,186,91,391,125,213,84,178,102,691,218,38,58,580,214,73,66,0,13,0,13,12,19
1400000US13185011301,13185011301,"Census Tract 113.01, Lowndes County, Georgia",5165,423,5165,423,1976,370,517,102,198,74,319,91,213,71,992,260,902,257,9,13,81,57,56,64,29,31,0,19,0,19,0,19,93,140,76,42,0,19,7,12,51,37,0,19,18,25,3189,390,1430,145,757,121,330,85,427,116,673,121,275,97,398,92,1759,324,35,44,1568,316,99,58,0,19,57,39,0,19
1400000US13185011302,13185011302,"Census Tract 113.02, Lowndes County, Georgia",2314,369,2272,358,1493,353,434,85,163,56,271,79,176,64,538,195,524,189,14,23,0,13,115,89,63,60,97,118,0,13,22,27,13,21,35,32,0,13,9,15,17,24,0,13,9,14,779,183,595,107,301,93,272,87,29,30,294,83,223,79,71,43,184,122,0,13,131,114,53,37,0,13,0,13,42,48
1400000US13185011401,13185011401,"Census Tract 114.01, Lowndes County, Georgia",2304,194,2304,194,1996,232,626,85,304,86,322,81,445,76,623,112,564,118,20,24,39,40,126,75,65,85,72,48,0,13,8,14,0,13,31,30,8,12,23,27,0,13,0,13,0,13,308,129,243,94,140,68,128,66,12,18,103,70,81,64,22,23,65,61,37,54,0,13,28,29,0,13,0,13,0,13
1400000US13185011402,13185011402,"Census Tract 114.02, Lowndes County, Georgia",2136,289,1655,245,1356,257,415,67,154,46,261,67,216,68,478,138,452,126,5,10,21,34,120,69,28,28,7,11,0,13,20,32,51,33,21,31,0,13,0,13,0,13,0,13,21,31,299,90,256,70,117,61,101,55,16,23,139,47,119,46,20,23,43,36,0,13,16,23,16,23,11,17,0,13,481,127
1400000US13185011403,13185011403,"Census Tract 114.03, Lowndes County, Georgia",7702,555,7702,555,6487,574,1830,151,1051,173,779,170,1315,191,2453,316,2114,286,94,78,245,152,333,158,67,105,134,120,0,19,45,46,85,66,225,117,44,51,114,72,33,52,34,65,0,19,1215,270,976,183,377,150,242,117,135,108,599,159,552,154,47,42,239,156,26,41,115,104,98,82,0,19,0,19,0,19
1400000US13185011500,13185011500,"Census Tract 115, Lowndes County, Georgia",4088,423,4045,418,3489,400,1100,120,782,119,318,91,870,97,1093,191,960,188,36,52,97,77,180,109,16,24,37,36,0,13,82,118,5,6,106,110,0,13,0,13,71,61,0,13,35,54,556,267,341,84,151,64,79,34,72,55,190,70,174,67,16,18,215,222,0,13,160,220,47,35,0,13,8,12,43,66
1400000US13185011600,13185011600,"Census Tract 116, Lowndes County, Georgia",4014,300,3980,301,3359,355,1066,111,543,105,523,107,900,119,1177,192,1098,208,16,26,63,61,49,33,47,52,20,28,12,17,0,13,8,10,80,52,30,35,5,7,3,5,28,39,14,21,621,279,431,131,187,126,90,52,97,115,244,80,215,80,29,36,190,173,0,13,53,75,87,78,0,13,50,62,34,31
1400000US13187960101,13187960101,"Census Tract 9601.01, Lumpkin County, Georgia",7158,674,7158,674,6294,605,1855,169,1194,204,661,174,1467,192,2463,465,2300,449,73,84,90,81,169,140,56,82,88,74,19,32,24,44,47,44,106,89,0,19,20,32,68,75,0,19,18,30,864,249,745,182,481,151,414,140,67,66,264,129,240,121,24,40,119,108,0,19,74,96,45,50,0,19,0,19,0,19
1400000US13187960102,13187960102,"Census Tract 9601.02, Lumpkin County, Georgia",6351,580,6345,580,5213,623,1711,195,1270,217,441,127,1299,153,1717,355,1650,334,0,19,67,63,79,69,29,47,69,63,16,26,81,93,54,53,158,141,30,55,0,19,128,132,0,19,0,19,1132,321,839,205,454,150,409,144,45,44,385,133,274,118,111,94,293,205,0,19,236,198,57,59,0,19,0,19,6,5
1400000US13187960201,13187960201,"Census Tract 9602.01, Lumpkin County, Georgia",9994,729,8618,749,7388,787,2193,231,1160,181,1033,227,1758,232,2689,418,2503,439,122,89,64,56,253,142,193,143,0,19,40,63,61,50,90,97,111,99,41,48,0,19,70,75,0,19,0,19,1230,361,795,190,351,121,229,100,122,79,444,144,385,141,59,46,435,244,27,48,289,198,98,73,0,19,21,33,1376,332
1400000US13187960202,13187960202,"Census Tract 9602.02, Lumpkin County, Georgia",6537,621,6217,617,4376,634,1438,185,909,201,529,166,1190,189,1175,360,1111,329,64,101,0,19,198,152,21,32,46,56,109,163,0,19,28,49,171,135,0,19,81,107,0,19,0,19,90,100,1841,506,1206,268,411,203,284,180,127,93,795,197,639,177,156,85,635,335,0,19,433,303,66,56,0,19,136,157,320,102
1400000US13189950100,13189950100,"Census Tract 9501, McDuffie County, Georgia",2337,241,2321,239,1976,279,714,104,459,95,255,92,557,84,616,168,584,165,12,18,20,23,51,39,19,29,14,18,0,13,0,13,5,12,0,13,0,13,0,13,0,13,0,13,0,13,345,124,306,102,108,51,89,46,19,24,198,89,169,75,29,43,39,40,0,13,0,13,39,40,0,13,0,13,16,29
1400000US13189950200,13189950200,"Census Tract 9502, McDuffie County, Georgia",4919,469,4919,469,4508,515,1435,165,738,123,697,128,855,157,1587,342,1537,338,24,37,26,33,202,142,153,100,55,43,9,16,36,51,88,69,88,66,51,59,3,8,30,33,4,10,0,13,411,135,402,133,212,104,212,104,0,13,190,91,176,89,14,24,9,15,0,13,0,13,9,15,0,13,0,13,0,13
1400000US13189950300,13189950300,"Census Tract 9503, McDuffie County, Georgia",3279,399,3279,399,2805,433,876,134,328,74,548,141,484,102,940,253,932,253,0,13,8,13,318,248,27,26,45,34,27,38,0,13,63,47,25,34,0,13,17,31,0,13,8,12,0,13,474,137,395,109,164,78,115,64,49,43,231,87,211,82,20,25,79,49,0,13,32,34,47,44,0,13,0,13,0,13
1400000US13189950400,13189950400,"Census Tract 9504, McDuffie County, Georgia",5680,484,5347,497,4768,531,1422,186,765,206,657,159,718,151,2065,354,1814,345,55,81,196,146,119,88,132,96,8,14,0,19,41,44,170,155,93,72,0,19,13,21,52,53,23,38,5,14,579,155,538,138,218,108,218,108,0,19,320,106,270,102,50,53,41,47,0,19,26,41,15,23,0,19,0,19,333,124
1400000US13189950500,13189950500,"Census Tract 9505, McDuffie County, Georgia",5547,394,5534,395,4949,485,1607,175,1055,131,552,155,1331,176,1628,254,1414,251,152,116,62,43,189,123,66,58,20,25,0,19,0,19,5,9,103,107,14,23,0,19,53,45,0,19,36,63,585,218,522,170,167,118,82,57,85,95,355,104,344,105,11,18,63,66,0,19,0,19,63,66,0,19,0,19,13,25
1400000US13191110100,13191110100,"Census Tract 1101, McIntosh County, Georgia",4256,648,4256,648,3598,696,1260,249,739,200,521,226,906,213,1057,478,910,476,0,13,147,117,341,295,0,13,34,49,0,13,0,13,0,13,0,13,0,13,0,13,0,13,0,13,0,13,658,235,541,191,317,149,283,137,34,43,224,109,176,96,48,67,117,90,0,13,38,61,79,76,0,13,0,13,0,13
1400000US13191110200,13191110200,"Census Tract 1102, McIntosh County, Georgia",4735,920,4735,920,4259,944,971,250,334,164,637,207,482,193,1736,502,1625,456,74,126,37,61,571,366,33,50,29,48,0,13,60,91,288,233,89,85,0,13,0,13,40,63,0,13,49,65,476,287,365,167,188,129,136,108,52,63,177,100,177,100,0,13,111,160,0,13,0,13,35,52,0,13,76,151,0,13
1400000US13191110300,13191110300,"Census Tract 1103, McIntosh County, Georgia",5128,750,4985,744,4060,775,1229,263,500,159,729,215,845,173,1192,392,1046,375,146,105,0,19,453,283,18,28,82,88,0,19,75,92,107,91,59,61,0,19,0,19,23,25,0,19,36,58,925,285,720,177,355,111,320,110,35,42,365,119,295,102,70,55,205,170,0,19,97,146,62,50,0,19,46,74,143,46
1400000US13191980000,13191980000,"Census Tract 9800, McIntosh County, Georgia",0,13,0,13,0,13,0,13,0,13,0,13,0,13,0,13,0,13,0,13,0,13,0,13,0,13,0,13,0,13,0,13,0,13,0,13,0,13,0,13,0,13,0,13,0,13,0,13,0,13,0,13,0,13,0,13,0,13,0,13,0,13,0,13,0,13,0,13,0,13,0,13,0,13,0,13
1400000US13191990000,13191990000,"Census Tract 9900, McIntosh County, Georgia",0,13,0,13,0,13,0,13,0,13,0,13,0,13,0,13,0,13,0,13,0,13,0,13,0,13,0,13,0,13,0,13,0,13,0,13,0,13,0,13,0,13,0,13,0,13,0,13,0,13,0,13,0,13,0,13,0,13,0,13,0,13,0,13,0,13,0,13,0,13,0,13,0,13,0,13
1400000US13193000100,13193000100,"Census Tract 1, Macon County, Georgia",2093,325,2055,323,1789,334,501,99,258,90,243,83,252,78,759,192,708,193,13,15,38,36,118,95,47,52,5,7,0,13,0,13,49,48,58,44,0,13,4,7,23,26,0,13,31,35,266,84,259,82,90,45,86,45,4,8,169,65,169,65,0,13,7,10,0,13,0,13,7,10,0,13,0,13,38,37
1400000US13193000200,13193000200,"Census Tract 2, Macon County, Georgia",2166,381,2079,390,1871,396,588,123,334,108,254,84,394,103,636,182,606,174,0,13,30,44,146,118,12,15,7,12,0,13,10,17,67,56,11,10,0,13,4,7,7,8,0,13,0,13,208,64,202,63,130,62,130,62,0,13,72,31,64,30,8,9,6,9,0,13,0,13,1,3,3,6,2,5,87,62
1400000US13193000300,13193000300,"Census Tract 3, Macon County, Georgia",5003,452,3728,453,2948,481,903,135,313,90,590,126,434,135,963,240,887,242,65,58,11,24,255,145,114,77,40,39,0,19,0,19,109,89,130,76,21,35,21,33,35,34,18,28,35,30,780,309,476,137,263,104,198,94,65,60,213,76,158,67,55,42,304,225,37,47,203,208,47,34,0,19,17,26,1275,106
1400000US13193000400,13193000400,"Census Tract 4, Macon County, Georgia",5290,543,5211,530,4691,585,1350,226,559,136,791,215,785,223,1877,342,1733,386,0,19,144,174,102,94,94,84,150,140,0,19,20,31,205,203,108,106,86,99,0,19,0,19,0,19,22,32,520,160,496,159,149,85,131,81,18,22,347,126,347,126,0,19,24,29,0,19,0,19,24,29,0,19,0,19,79,49
1400000US13195020100,13195020100,"Census Tract 201, Madison County, Georgia",5744,709,5744,709,5174,719,1415,190,810,145,605,158,1093,180,2078,366,1958,363,54,53,66,72,274,191,48,75,0,19,46,70,38,59,153,142,29,29,0,19,0,19,14,23,0,19,15,18,570,189,478,149,239,118,222,117,17,22,239,97,203,89,36,40,92,79,0,19,41,51,33,33,0,19,18,27,0,19
1400000US13195020200,13195020200,"Census Tract 202, Madison County, Georgia",4018,501,3971,502,3446,505,955,118,553,118,402,101,686,120,1313,282,1132,258,97,107,84,59,165,117,66,78,16,23,0,13,156,107,63,69,26,30,0,13,0,13,26,30,0,13,0,13,525,210,409,120,265,104,241,93,24,37,144,64,122,59,22,26,116,126,18,28,23,35,23,35,0,13,52,84,47,31
1400000US13195020300,13195020300,"Census Tract 203, Madison County, Georgia",4428,555,4279,544,3870,538,1041,130,650,123,391,105,843,114,1426,301,1192,229,131,153,103,85,61,42,80,44,27,24,0,13,0,13,159,100,233,166,115,148,0,13,14,18,29,39,75,86,409,113,316,81,113,56,63,41,50,34,203,61,186,55,17,29,93,59,23,37,0,13,70,43,0,13,0,13,149,102
1400000US13195020400,13195020400,"Census Tract 204, Madison County, Georgia",5438,544,5434,545,4967,598,1343,166,817,157,526,139,927,170,1988,376,1872,363,54,54,62,62,206,176,99,76,150,104,40,49,59,72,155,132,0,19,0,19,0,19,0,19,0,19,0,19,467,123,434,116,234,94,227,93,7,8,200,71,174,67,26,25,33,25,0,19,0,19,33,25,0,19,0,19,4,5
1400000US13195020500,13195020500,"Census Tract 205, Madison County, Georgia",6353,612,6353,612,5700,669,1747,214,833,176,914,182,1249,210,2295,453,2077,401,78,73,140,159,54,64,97,109,123,116,0,19,0,19,31,47,104,90,0,19,0,19,30,36,0,19,74,82,653,208,535,146,257,103,211,89,46,52,278,112,251,104,27,28,118,103,76,87,0,19,42,48,0,19,0,19,0,19
1400000US13195020600,13195020600,"Census Tract 206, Madison County, Georgia",2007,220,2007,220,1741,229,492,59,336,50,156,68,405,73,676,165,610,138,11,16,55,63,0,13,0,13,37,57,27,40,0,13,88,58,16,16,0,13,0,13,16,16,0,13,0,13,266,102,226,77,35,29,35,29,0,13,191,69,166,65,25,24,40,44,23,39,12,19,5,8,0,13,0,13,0,13
1400000US13197920100,13197920100,"Census Tract 9201, Marion County, Georgia",4561,444,4527,444,3862,495,1030,171,613,139,417,149,661,137,1471,315,1302,296,54,57,115,91,449,246,0,13,16,24,20,26,12,23,47,44,156,132,0,13,0,13,0,13,0,13,156,132,665,225,579,183,208,106,194,106,14,24,371,158,269,126,102,91,86,69,0,13,0,13,86,69,0,13,0,13,34,47
1400000US13197920200,13197920200,"Census Tract 9202, Marion County, Georgia",4054,444,4007,445,3335,453,844,155,324,102,520,122,413,106,1452,326,1133,286,94,83,225,138,137,117,120,95,83,63,0,13,57,74,105,72,124,71,0,13,0,13,74,56,0,13,50,46,672,169,572,144,290,107,259,108,31,28,282,91,261,81,21,34,100,65,0,13,17,26,18,22,32,44,33,47,47,25
1400000US13199970500,13199970500,"Census Tract 9705, Meriwether County, Georgia",5351,280,5351,280,4684,307,1456,159,601,153,855,181,882,161,1665,206,1630,214,19,28,16,22,286,195,112,71,53,65,0,19,15,24,49,59,166,88,0,19,0,19,109,73,0,19,57,54,667,193,644,184,246,121,232,115,14,23,398,126,398,126,0,19,23,36,0,19,23,36,0,19,0,19,0,19,0,19
1400000US13199970600,13199970600,"Census Tract 9706, Meriwether County, Georgia",3037,347,2766,330,2219,333,708,112,377,85,331,90,515,108,696,172,596,149,0,13,100,89,173,105,12,15,0,13,0,13,65,40,43,39,7,11,0,13,0,13,7,11,0,13,0,13,547,120,490,107,293,105,257,104,36,28,197,69,195,68,2,3,57,52,0,13,0,13,47,44,0,13,10,18,271,105
1400000US13199970700,13199970700,"Census Tract 9707, Meriwether County, Georgia",8184,501,8184,501,7333,538,2100,173,1130,142,970,157,1512,192,2082,370,1916,368,24,37,142,81,559,189,211,120,178,118,18,25,111,66,378,243,184,133,0,19,10,16,94,65,0,19,80,83,851,273,654,152,412,136,294,115,118,93,242,78,228,76,14,18,197,176,0,19,0,19,85,68,0,19,112,124,0,19
1400000US13199970800,13199970800,"Census Tract 9708, Meriwether County, Georgia",5394,433,5267,417,4560,430,1385,128,749,122,636,128,971,145,1469,268,1390,240,4,7,75,95,377,181,55,39,41,31,0,19,11,13,203,104,48,40,0,19,0,19,28,24,0,19,20,22,707,177,644,152,369,144,324,140,45,50,275,72,264,70,11,16,63,59,12,19,18,26,33,51,0,19,0,19,127,81
1400000US13201950100,13201950100,"Census Tract 9501, Miller County, Georgia",1579,176,1566,176,1322,187,453,67,213,55,240,69,267,67,403,100,373,100,0,13,30,30,32,29,21,25,53,52,0,13,10,15,64,54,19,23,0,13,0,13,19,23,0,13,0,13,244,74,227,71,102,51,92,51,10,12,125,49,116,47,9,10,17,14,2,6,8,12,7,8,0,13,0,13,13,7
1400000US13201950200,13201950200,"Census Tract 9502, Miller County, Georgia",1931,210,1771,204,1537,224,464,72,141,51,323,63,337,74,624,130,580,127,4,12,40,28,93,47,7,8,0,13,0,13,0,13,0,13,12,15,0,13,0,13,0,13,0,13,12,15,234,69,222,65,79,45,74,44,5,9,143,48,135,46,8,14,12,13,0,13,5,7,7,11,0,13,0,13,160,70
1400000US13201950300,13201950300,"Census Tract 9503, Miller County, Georgia",2584,237,2584,237,2218,257,774,106,439,91,335,89,551,99,790,132,688,128,8,15,94,66,48,48,27,39,0,13,12,22,0,13,16,20,0,13,0,13,0,13,0,13,0,13,0,13,366,87,354,84,95,52,95,52,0,13,259,66,250,68,9,15,12,20,0,13,0,13,12,20,0,13,0,13,0,13
1400000US13205090100,13205090100,"Census Tract 901, Mitchell County, Georgia",3746,426,3738,425,3257,434,901,137,425,112,476,108,547,108,1250,263,1221,257,9,19,20,26,226,122,42,40,25,35,0,13,0,13,235,128,31,27,0,13,18,23,0,13,0,13,13,17,481,138,394,111,183,82,163,81,20,15,211,84,174,82,37,42,87,70,11,17,38,36,38,55,0,13,0,13,8,15
1400000US13205090200,13205090200,"Census Tract 902, Mitchell County, Georgia",3764,465,3654,460,3077,478,991,136,542,114,449,111,728,127,1064,249,957,234,31,28,76,78,82,73,20,25,34,30,0,13,6,10,73,56,79,56,0,13,0,13,71,54,8,13,0,13,577,153,443,110,251,88,193,85,58,52,192,72,154,62,38,32,134,77,0,13,39,58,91,56,0,13,4,7,110,118
1400000US13205090300,13205090300,"Census Tract 903, Mitchell County, Georgia",2923,378,2923,378,2668,410,777,127,168,56,609,124,250,100,1279,244,1279,244,0,13,0,13,188,118,107,89,22,38,0,13,0,13,39,42,6,11,0,13,0,13,6,11,0,13,0,13,255,81,243,79,85,45,85,45,0,13,158,66,149,66,9,14,12,18,0,13,0,13,12,18,0,13,0,13,0,13
1400000US13205090400,13205090400,"Census Tract 904, Mitchell County, Georgia",7129,585,5212,573,4589,602,1463,205,614,148,849,202,971,185,1452,241,1337,256,0,19,115,86,358,204,119,112,29,47,13,23,0,19,117,107,67,74,25,39,27,55,15,27,0,19,0,19,623,217,561,186,203,107,150,92,53,61,358,143,358,143,0,19,62,67,0,19,0,19,62,67,0,19,0,19,1917,207
1400000US13205090500,13205090500,"Census Tract 905, Mitchell County, Georgia",5948,525,5867,529,4892,585,1426,180,638,144,788,147,1057,189,2024,315,1935,322,10,16,79,69,193,202,72,51,0,19,0,19,0,19,63,67,57,51,0,19,0,19,29,34,0,19,28,41,975,226,951,218,394,152,386,152,8,12,557,141,546,139,11,18,24,31,0,19,15,26,9,16,0,19,0,19,81,92
1400000US13207050101,13207050101,"Census Tract 501.01, Monroe County, Georgia",5650,521,5580,521,4860,583,1604,178,813,180,791,199,1185,191,1342,291,1277,289,0,19,65,62,479,343,23,32,77,59,24,39,29,49,29,44,68,54,0,19,0,19,48,39,20,36,0,19,720,211,623,181,501,165,400,162,101,70,122,86,122,86,0,19,97,65,0,19,0,19,88,59,0,19,9,17,70,47
1400000US13207050102,13207050102,"Census Tract 501.02, Monroe County, Georgia",4111,690,4043,701,3367,770,1038,195,538,145,500,172,762,173,1069,461,984,445,49,77,36,72,35,46,48,66,60,57,0,13,0,13,103,104,252,237,0,13,0,13,39,50,0,13,213,230,676,213,555,160,373,139,287,126,86,75,182,89,163,83,19,30,121,94,19,31,0,13,74,83,0,13,28,45,68,32
1400000US13207050200,13207050200,"Census Tract 502, Monroe County, Georgia",5478,526,4621,508,3878,505,1107,160,438,133,669,157,617,142,1440,279,1399,275,30,53,11,23,181,105,37,41,106,71,28,40,20,32,188,125,154,105,0,19,37,46,43,41,52,79,22,21,743,167,682,156,180,96,147,96,33,40,502,146,477,147,25,28,61,54,13,23,21,32,27,39,0,19,0,19,857,185
1400000US13207050301,13207050301,"Census Tract 503.01, Monroe County, Georgia",5039,644,5026,644,4614,697,1366,233,850,176,516,187,1153,193,1524,338,1488,332,0,19,36,45,149,110,75,61,10,16,20,29,20,30,222,192,75,75,0,19,0,19,49,57,0,19,26,45,412,148,363,122,156,81,143,76,13,22,207,84,179,76,28,33,49,50,0,19,0,19,38,45,0,19,11,20,13,11
1400000US13207050302,13207050302,"Census Tract 503.02, Monroe County, Georgia",6098,663,6053,665,5568,694,1828,182,1145,198,683,195,1359,221,1676,388,1448,334,197,255,31,51,410,330,95,75,37,39,14,25,60,67,12,18,77,87,0,19,14,25,63,82,0,19,0,19,485,159,411,135,158,89,116,84,42,41,253,112,223,106,30,35,74,54,0,19,0,19,74,54,0,19,0,19,45,48
1400000US13209950100,13209950100,"Census Tract 9501, Montgomery County, Georgia",1954,205,1954,205,1728,205,584,79,332,60,252,83,479,56,553,146,532,142,18,23,3,4,57,50,0,13,24,36,0,13,8,13,0,13,23,22,0,13,11,15,0,13,0,13,12,16,226,73,226,73,124,59,124,59,0,13,102,49,102,49,0,13,0,13,0,13,0,13,0,13,0,13,0,13,0,13
1400000US13209950200,13209950200,"Census Tract 9502, Montgomery County, Georgia",4780,306,4001,334,3292,394,1031,133,503,112,528,104,632,105,1285,219,1171,203,30,23,84,76,146,95,17,14,37,29,6,10,54,44,50,35,34,30,0,13,0,13,27,29,7,12,0,13,709,161,547,109,300,89,229,79,71,42,247,71,204,65,43,33,162,76,0,13,11,14,101,47,0,13,50,58,779,171
1400000US13209950300,13209950300,"Census Tract 9503, Montgomery County, Georgia",2320,269,2320,269,1964,283,646,97,375,74,271,80,456,78,594,145,506,131,0,13,88,74,113,55,0,13,43,33,0,13,0,13,33,27,79,56,0,13,21,21,31,32,0,13,27,35,356,143,237,70,114,49,77,41,37,34,123,57,117,55,6,9,119,100,0,13,108,97,11,13,0,13,0,13,0,13
1400000US13211010100,13211010100,"Census Tract 101, Morgan County, Georgia",2643,281,2619,281,2411,284,754,94,416,84,338,83,492,110,907,174,880,173,13,17,14,17,76,64,6,10,48,68,6,8,70,55,24,25,28,36,0,13,5,9,23,36,0,13,0,13,208,84,182,72,57,34,43,29,14,16,125,64,116,62,9,13,26,24,0,13,4,6,19,22,0,13,3,5,24,17
1400000US13211010200,13211010200,"Census Tract 102, Morgan County, Georgia",3592,342,3592,342,3224,368,1069,121,585,114,484,105,766,114,1023,213,1012,215,0,13,11,14,210,141,39,38,18,22,0,13,11,19,23,29,65,48,0,13,0,13,29,34,0,13,36,35,368,144,280,87,122,56,105,56,17,20,158,70,120,49,38,49,88,85,0,13,0,13,75,78,0,13,13,22,0,13
1400000US13211010300,13211010300,"Census Tract 103, Morgan County, Georgia",7355,475,7195,479,6289,570,1957,229,999,192,958,233,1500,199,2287,282,2209,302,0,19,78,88,244,138,41,58,43,51,0,19,0,19,204,170,13,24,0,19,0,19,13,24,0,19,0,19,906,274,715,213,315,126,241,111,74,71,400,158,311,143,89,61,191,109,0,19,43,48,56,42,0,19,92,77,160,70
1400000US13211010400,13211010400,"Census Tract 104, Morgan County, Georgia",2846,316,2836,317,2570,334,829,117,471,116,358,99,650,134,875,198,832,195,15,23,28,27,81,60,37,45,0,13,2,5,7,12,32,34,57,58,0,13,0,13,13,17,0,13,44,59,266,101,240,88,109,52,96,48,13,20,131,66,115,60,16,27,26,29,0,13,0,13,26,29,0,13,0,13,10,11
1400000US13211010500,13211010500,"Census Tract 105, Morgan County, Georgia",1483,245,1476,246,1343,252,385,79,201,65,184,74,266,88,405,129,346,110,20,30,39,49,129,94,24,25,42,54,0,13,53,45,6,10,33,28,0,13,0,13,17,20,9,17,7,12,133,49,127,45,75,45,71,44,4,8,52,38,52,38,0,13,6,11,0,13,0,13,0,13,0,13,6,11,7,7
1400000US13213010100,13213010100,"Census Tract 101, Murray County, Georgia",3484,462,3484,462,2985,521,949,140,508,134,441,141,738,124,892,253,826,254,18,22,48,39,155,93,39,50,54,49,0,13,59,58,83,76,16,19,0,13,0,13,16,19,0,13,0,13,499,153,409,115,212,88,176,86,36,33,197,79,164,69,33,37,90,72,17,27,40,60,23,25,0,13,10,18,0,13
1400000US13213010201,13213010201,"Census Tract 102.01, Murray County, Georgia",2156,355,2156,355,2008,374,572,89,311,92,261,91,396,95,716,210,687,214,3,5,26,24,57,50,17,28,22,36,0,13,8,12,17,18,203,182,2,4,0,13,43,59,85,117,73,83,148,79,135,73,102,68,87,66,15,20,33,27,33,27,0,13,13,18,0,13,0,13,13,18,0,13,0,13,0,13
1400000US13213010202,13213010202,"Census Tract 102.02, Murray County, Georgia",9130,560,9129,560,8211,703,2407,187,1412,219,995,205,1851,190,3255,449,3033,440,62,75,160,100,245,169,58,58,40,51,32,47,46,57,28,47,249,123,10,17,34,36,205,117,0,19,0,19,918,325,616,162,262,99,191,98,71,51,354,123,273,103,81,73,302,213,8,15,76,83,95,76,0,19,123,136,1,2
1400000US13213010300,13213010300,"Census Tract 103, Murray County, Georgia",3718,459,3713,460,3211,497,1050,151,681,152,369,106,806,142,880,199,807,196,52,48,21,25,258,120,12,19,90,74,23,28,26,29,21,31,45,37,10,16,6,11,18,25,0,13,11,17,502,170,419,128,231,109,231,109,0,13,188,74,127,51,61,62,83,76,0,13,77,75,6,10,0,13,0,13,5,9
1400000US13213010400,13213010400,"Census Tract 104, Murray County, Georgia",6183,482,5978,494,5242,527,1678,197,1025,183,653,193,1315,196,1869,322,1674,375,75,97,120,129,108,77,19,32,138,92,0,19,25,32,57,68,33,54,0,19,0,19,33,54,0,19,0,19,736,170,736,170,295,143,295,143,0,19,441,133,441,133,0,19,0,19,0,19,0,19,0,19,0,19,0,19,205,104
1400000US13213010500,13213010500,"Census Tract 105, Murray County, Georgia",5102,396,5102,396,4690,443,1446,133,849,140,597,144,1055,119,1984,264,1837,265,40,43,107,79,101,76,0,19,0,19,12,20,37,57,0,19,55,39,0,19,1,6,48,37,0,19,6,11,412,125,378,115,134,68,107,62,27,28,244,102,244,102,0,19,34,35,15,26,10,18,9,16,0,19,0,19,0,19
1400000US13213010600,13213010600,"Census Tract 106, Murray County, Georgia",4422,413,4422,413,3936,496,1170,141,656,120,514,118,896,142,1320,300,1243,297,48,40,29,27,67,47,155,105,129,115,0,13,16,24,98,77,85,71,23,39,0,13,17,25,26,44,19,30,486,202,374,139,276,125,192,103,84,74,98,53,84,49,14,22,112,89,0,13,51,71,61,62,0,13,0,13,0,13
1400000US13213010700,13213010700,"Census Tract 107, Murray County, Georgia",5440,591,5438,591,4897,646,1468,185,829,149,639,199,1032,153,1659,364,1513,328,40,44,106,81,182,148,25,39,47,63,47,64,10,20,180,108,247,141,0,19,28,35,100,78,0,19,119,102,541,170,495,148,283,123,259,117,24,27,212,86,199,84,13,26,46,51,0,19,38,47,8,15,0,19,0,19,2,2
1400000US13215000200,13215000200,"Census Tract 2, Muscogee County, Georgia",2713,290,2707,289,2268,346,673,94,371,81,302,101,418,97,947,209,869,179,0,13,78,98,35,33,7,13,24,30,0,13,5,13,43,40,116,60,0,13,24,41,80,53,0,13,12,21,439,89,417,90,152,82,142,82,10,15,265,68,244,66,21,22,22,16,0,13,0,13,22,16,0,13,0,13,6,6
1400000US13215000300,13215000300,"Census Tract 3, Muscogee County, Georgia",1466,277,1466,277,952,260,297,78,127,71,170,52,97,51,283,114,283,114,0,13,0,13,26,28,61,64,0,13,0,13,0,13,91,70,97,75,43,68,24,28,5,8,0,13,25,37,514,200,382,91,284,93,254,92,30,29,98,74,55,35,43,66,132,150,16,24,55,82,61,70,0,13,0,13,0,13
1400000US13215000400,13215000400,"Census Tract 4, Muscogee County, Georgia",2633,306,2633,306,2311,326,757,105,326,95,431,107,525,102,839,157,751,167,22,27,66,35,70,57,0,13,22,25,0,13,0,13,5,9,93,80,11,15,29,44,23,37,0,13,30,34,322,97,295,83,114,56,93,50,21,25,181,69,173,67,8,13,27,27,0,13,0,13,27,27,0,13,0,13,0,13
1400000US13215000800,13215000800,"Census Tract 8, Muscogee County, Georgia",2126,289,2126,289,1635,345,572,117,192,85,380,100,244,95,540,137,520,135,12,20,8,14,81,85,38,58,14,21,0,13,20,23,38,41,88,66,5,8,14,21,69,63,0,13,0,13,491,139,452,122,270,102,270,102,0,13,182,80,144,70,38,48,39,54,0,13,34,54,5,8,0,13,0,13,0,13
1400000US13215000900,13215000900,"Census Tract 9, Muscogee County, Georgia",2306,321,1996,303,1315,317,505,105,309,107,196,90,355,112,315,121,289,115,14,23,12,20,56,57,16,26,40,48,0,13,17,29,0,13,11,20,0,13,0,13,11,20,0,13,0,13,681,205,469,130,190,103,114,92,76,65,279,119,177,97,102,65,212,113,0,13,142,94,70,64,0,13,0,13,310,121
1400000US13215001000,13215001000,"Census Tract 10, Muscogee County, Georgia",4480,453,3594,322,2799,402,997,128,542,97,455,114,649,115,1011,227,913,215,0,13,98,69,27,32,31,28,40,36,0,13,13,19,31,35,0,13,0,13,0,13,0,13,0,13,0,13,795,187,622,127,243,89,163,74,80,51,379,92,339,82,40,36,173,94,0,13,57,69,82,56,0,13,34,43,886,361
1400000US13215001100,13215001100,"Census Tract 11, Muscogee County, Georgia",2558,188,2552,188,2204,213,689,72,431,82,258,80,615,75,743,134,647,116,25,33,71,53,42,43,11,16,34,50,0,13,24,32,39,47,7,11,0,13,0,13,7,11,0,13,0,13,348,99,323,84,135,66,125,66,10,15,188,67,165,55,23,34,25,29,0,13,0,13,25,29,0,13,0,13,6,6
1400000US13215001200,13215001200,"Census Tract 12, Muscogee County, Georgia",3365,449,3355,449,2399,498,814,155,440,127,374,112,495,105,881,250,869,252,0,13,12,19,55,66,35,29,23,26,0,13,9,15,7,13,80,70,34,30,13,20,33,57,0,13,0,13,956,211,795,151,377,123,293,107,84,54,418,110,382,94,36,58,161,95,6,9,75,75,46,46,0,13,34,31,10,7
1400000US13215001400,13215001400,"Census Tract 14, Muscogee County, Georgia",1679,264,1676,264,1260,251,413,99,147,61,266,110,143,57,429,151,398,149,0,13,31,33,124,70,30,29,1,6,0,13,27,24,42,36,51,28,23,24,0,13,28,25,0,13,0,13,416,100,382,91,123,71,117,72,6,10,259,81,240,80,19,17,34,31,14,23,17,20,3,5,0,13,0,13,3,3
1400000US13215001600,13215001600,"Census Tract 16, Muscogee County, Georgia",2282,325,2203,326,1435,356,481,114,95,52,386,103,98,55,724,208,715,206,9,16,0,13,31,25,21,33,0,13,0,13,0,13,50,50,30,27,0,13,0,13,20,22,0,13,10,14,768,160,621,129,227,103,173,96,54,49,394,115,322,102,72,54,147,78,0,13,38,51,79,47,30,47,0,13,79,40
1400000US13215001800,13215001800,"Census Tract 18, Muscogee County, Georgia",1011,205,915,205,526,249,183,95,78,59,105,80,73,59,207,119,157,108,13,25,37,52,45,54,12,17,0,13,0,13,0,13,6,18,0,13,0,13,0,13,0,13,0,13,0,13,389,115,324,81,242,66,203,62,39,35,82,50,57,39,25,29,65,48,0,13,49,42,16,21,0,13,0,13,96,38
1400000US13215002000,13215002000,"Census Tract 20, Muscogee County, Georgia",3338,363,3324,363,2976,393,830,102,212,68,618,103,288,63,1282,295,1177,303,34,41,71,53,263,150,75,58,57,49,0,13,49,45,39,54,93,93,0,13,25,42,32,36,0,13,36,57,348,93,323,86,113,55,113,55,0,13,210,73,190,67,20,25,25,29,0,13,0,13,25,29,0,13,0,13,14,9
1400000US13215002100,13215002100,"Census Tract 21, Muscogee County, Georgia",2489,306,2484,307,2140,337,609,89,264,72,345,72,479,105,847,190,778,181,19,19,50,33,60,42,4,10,49,50,0,13,0,13,29,30,63,57,0,13,0,13,17,28,0,13,46,54,344,98,321,89,167,70,148,68,19,23,154,59,154,59,0,13,23,28,0,13,23,28,0,13,0,13,0,13,5,7
1400000US13215002200,13215002200,"Census Tract 22, Muscogee County, Georgia",2479,438,2477,438,1948,450,579,121,152,76,427,104,150,64,714,249,700,251,0,13,14,24,241,128,102,72,55,47,0,13,0,13,77,57,30,46,0,13,0,13,30,46,0,13,0,13,529,131,510,122,202,77,188,76,14,21,308,106,294,100,14,22,19,22,8,13,0,13,11,17,0,13,0,13,2,3
1400000US13215002300,13215002300,"Census Tract 23, Muscogee County, Georgia",1496,185,1494,184,1177,213,417,82,156,47,261,79,191,57,518,114,495,106,8,13,15,16,30,20,0,13,7,11,0,13,0,13,7,12,7,9,0,13,0,13,7,9,0,13,0,13,317,85,296,77,119,53,119,53,0,13,177,67,155,63,22,23,21,24,0,13,0,13,21,24,0,13,0,13,2,4
1400000US13215002400,13215002400,"Census Tract 24, Muscogee County, Georgia",1338,238,1338,238,957,277,265,72,48,31,217,73,52,30,439,154,412,137,27,36,0,13,101,66,38,42,0,13,0,13,0,13,41,50,21,24,0,13,0,13,21,24,0,13,0,13,381,101,381,101,114,65,114,65,0,13,267,94,267,94,0,13,0,13,0,13,0,13,0,13,0,13,0,13,0,13
1400000US13215002500,13215002500,"Census Tract 25, Muscogee County, Georgia",2751,834,1551,227,1025,264,333,93,51,33,282,94,48,40,570,165,553,173,0,13,17,33,54,55,0,13,18,27,0,13,0,13,0,13,2,10,0,13,0,13,2,10,0,13,0,13,526,84,507,82,155,79,150,77,5,9,352,84,335,83,17,21,19,17,0,13,14,17,5,7,0,13,0,13,1200,836
1400000US13215002700,13215002700,"Census Tract 27, Muscogee County, Georgia",2393,360,2391,361,1855,424,577,114,122,57,455,117,201,76,907,285,884,282,23,36,0,13,46,53,21,39,0,13,0,13,0,13,38,59,65,97,0,13,38,56,27,41,0,13,0,13,536,173,438,116,106,77,54,49,52,52,332,105,306,96,26,38,98,82,0,13,17,27,14,28,0,13,67,68,2,2
1400000US13215002800,13215002800,"Census Tract 28, Muscogee County, Georgia",1582,243,1567,243,1152,255,400,88,100,59,300,76,152,73,460,113,442,110,0,13,18,23,18,22,44,35,14,22,0,13,0,13,54,67,10,16,0,13,0,13,10,16,0,13,0,13,415,113,397,108,157,77,138,76,19,23,240,65,240,65,0,13,18,21,0,13,0,13,18,21,0,13,0,13,15,13
1400000US13215002901,13215002901,"Census Tract 29.01, Muscogee County, Georgia",2889,362,2883,363,2114,386,628,120,234,93,394,101,253,83,985,251,822,211,53,49,110,93,100,82,36,36,14,22,16,26,30,34,36,33,16,22,0,13,0,13,16,22,0,13,0,13,769,189,637,133,413,128,313,108,100,67,224,80,217,80,7,11,132,89,0,13,126,85,6,11,0,13,0,13,6,5
1400000US13215002902,13215002902,"Census Tract 29.02, Muscogee County, Georgia",2935,334,2932,334,2498,376,709,104,227,88,482,104,341,86,1125,264,1117,259,0,13,8,15,87,51,33,38,40,31,0,13,0,13,115,100,48,38,0,13,24,38,10,17,0,13,14,22,434,105,434,105,192,91,192,91,0,13,242,91,242,91,0,13,0,13,0,13,0,13,0,13,0,13,0,13,3,7
1400000US13215003000,13215003000,"Census Tract 30, Muscogee County, Georgia",2302,516,2302,516,1743,500,509,131,214,90,295,110,123,65,625,226,598,224,27,35,0,13,323,213,94,98,18,25,5,12,0,13,35,29,11,24,0,13,1,20,10,17,0,13,0,13,559,259,363,114,204,101,109,78,95,81,159,56,145,56,14,21,196,185,0,13,10,19,95,83,0,13,91,119,0,13
1400000US13215003200,13215003200,"Census Tract 32, Muscogee County, Georgia",1764,480,1764,480,1142,461,294,84,81,52,213,75,70,51,383,159,383,159,0,13,0,13,157,123,57,41,0,13,26,42,0,13,103,166,52,49,0,13,0,13,20,22,0,13,32,43,622,227,443,112,277,80,217,77,60,54,166,97,145,94,21,26,179,171,0,13,141,167,38,30,0,13,0,13,0,13
1400000US13215003301,13215003301,"Census Tract 33.01, Muscogee County, Georgia",1173,205,1173,205,1077,221,281,57,156,47,125,44,139,36,479,169,440,174,0,13,39,42,75,58,51,51,0,13,0,13,11,18,37,36,4,13,0,13,0,13,0,13,0,13,4,13,96,62,96,62,63,55,63,55,0,13,33,26,33,26,0,13,0,13,0,13,0,13,0,13,0,13,0,13,0,13
1400000US13215003302,13215003302,"Census Tract 33.02, Muscogee County, Georgia",3191,519,3186,519,2698,578,755,149,255,101,500,132,217,78,1163,266,1053,265,18,28,92,77,264,139,203,233,35,42,0,13,0,13,0,13,61,52,9,15,0,13,32,41,0,13,20,30,488,119,465,108,184,74,184,74,0,13,281,85,264,82,17,19,23,30,0,13,0,13,8,13,0,13,15,26,5,8
1400000US13215003400,13215003400,"Census Tract 34, Muscogee County, Georgia",2488,368,2485,367,2117,363,548,86,149,56,399,84,180,73,1014,209,1004,214,0,13,10,16,75,62,52,68,95,82,0,13,0,13,84,63,69,40,0,13,5,9,58,39,0,13,6,8,368,102,343,94,161,69,143,67,18,28,182,84,177,83,5,9,25,33,0,13,0,13,25,33,0,13,0,13,3,7
1400000US13215010104,13215010104,"Census Tract 101.04, Muscogee County, Georgia",6084,564,6084,564,5123,576,1734,195,861,200,873,185,1202,225,1972,314,1795,323,70,64,107,96,106,97,22,34,13,21,0,19,15,25,9,32,50,62,0,19,0,19,38,59,0,19,12,19,961,250,836,188,435,131,371,138,64,68,401,159,368,163,33,36,125,133,0,19,37,38,49,64,0,19,39,61,0,19
1400000US13215010106,13215010106,"Census Tract 101.06, Muscogee County, Georgia",5782,497,5782,497,5100,588,1574,168,763,154,811,180,975,122,2223,381,1957,354,11,15,255,141,50,40,45,70,37,36,13,21,0,19,0,19,183,126,17,24,0,19,166,124,0,19,0,19,682,227,584,164,130,71,118,69,12,15,454,151,397,136,57,83,98,109,0,19,71,103,16,20,0,19,11,19,0,19
1400000US13215010107,13215010107,"Census Tract 101.07, Muscogee County, Georgia",7432,450,7432,450,6997,462,2258,128,1456,178,802,170,1978,142,2510,334,2268,337,105,94,137,92,118,100,19,28,0,19,65,53,0,19,27,43,22,36,0,19,0,19,11,18,0,19,11,18,435,126,360,101,138,62,89,48,49,41,222,85,202,82,20,23,75,52,13,21,16,26,38,35,0,19,8,15,0,19
1400000US13215010201,13215010201,"Census Tract 102.01, Muscogee County, Georgia",6194,461,6148,459,5456,472,1713,150,1115,162,598,149,1434,160,1816,277,1800,275,10,15,6,11,121,89,9,14,65,60,52,67,0,19,136,118,110,94,0,19,0,19,78,80,0,19,32,43,692,178,607,155,355,128,303,126,52,44,252,110,240,108,12,18,85,63,0,19,51,51,34,37,0,19,0,19,46,42
1400000US13215010203,13215010203,"Census Tract 102.03, Muscogee County, Georgia",7556,503,7517,500,6252,543,1956,172,1399,189,557,137,1595,169,2196,300,2092,300,10,16,94,73,98,69,119,96,66,57,93,84,27,44,67,56,35,40,0,19,19,31,0,19,0,19,16,24,1265,232,1049,189,572,180,516,176,56,44,477,140,408,127,69,59,216,127,13,21,186,122,17,24,0,19,0,19,39,28
1400000US13215010204,13215010204,"Census Tract 102.04, Muscogee County, Georgia",5713,510,5539,496,4943,548,1740,172,814,165,926,184,1221,156,1766,338,1669,327,24,36,73,53,14,22,54,54,0,19,24,34,0,19,0,19,124,109,0,19,0,19,115,105,0,19,9,17,596,136,578,122,186,90,178,88,8,13,392,115,392,115,0,19,18,29,11,17,7,14,0,19,0,19,0,19,174,129
1400000US13215010205,13215010205,"Census Tract 102.05, Muscogee County, Georgia",2326,353,2326,353,1700,372,538,106,313,90,225,78,436,89,582,180,514,157,0,13,68,100,56,47,0,13,15,22,38,60,26,24,9,14,0,13,0,13,0,13,0,13,0,13,0,13,626,130,603,126,206,92,184,90,22,26,397,126,397,126,0,13,23,27,0,13,0,13,23,27,0,13,0,13,0,13
1400000US13215010301,13215010301,"Census Tract 103.01, Muscogee County, Georgia",2393,207,2369,201,2147,200,746,74,514,84,232,67,715,73,595,102,589,102,0,13,6,10,16,33,13,16,20,24,0,13,0,13,42,48,0,13,0,13,0,13,0,13,0,13,0,13,222,84,208,72,7,10,7,10,0,13,201,72,178,57,23,41,14,22,0,13,14,22,0,13,0,13,0,13,24,25
1400000US13215010302,13215010302,"Census Tract 103.02, Muscogee County, Georgia",6740,544,6724,543,5521,653,1798,200,1060,186,738,208,1397,180,1843,290,1706,297,119,101,18,21,213,197,0,19,152,114,0,19,16,23,36,46,66,72,0,19,40,65,26,35,0,19,0,19,1203,284,941,201,265,124,233,122,32,36,676,169,559,169,117,83,262,178,0,19,98,108,126,88,0,19,38,45,16,12
1400000US13215010401,13215010401,"Census Tract 104.01, Muscogee County, Georgia",5890,419,5890,419,4880,543,1718,172,921,181,797,157,1208,166,1552,282,1431,277,29,35,92,93,130,86,72,58,38,44,0,19,37,43,110,110,15,24,15,24,0,19,0,19,0,19,0,19,1010,268,885,185,396,151,350,148,46,46,489,125,489,125,0,19,125,151,0,19,102,144,7,12,0,19,16,25,0,19
1400000US13215010402,13215010402,"Census Tract 104.02, Muscogee County, Georgia",3743,428,3743,428,2941,432,989,146,506,115,483,136,668,128,977,223,940,215,0,13,37,38,121,71,0,13,32,24,0,13,55,54,19,21,80,54,10,16,42,45,6,14,0,13,22,25,802,291,577,148,226,87,170,72,56,63,351,125,303,102,48,48,225,189,0,13,200,185,25,30,0,13,0,13,0,13
1400000US13215010501,13215010501,"Census Tract 105.01, Muscogee County, Georgia",5914,469,5910,467,4661,542,1661,182,976,170,685,173,1171,168,1486,295,1327,295,73,75,86,58,156,94,0,19,54,52,0,19,10,16,79,89,44,44,0,19,0,19,15,25,0,19,29,35,1249,291,894,169,372,140,243,118,129,95,522,147,429,138,93,78,355,184,42,61,172,134,125,99,0,19,16,25,4,5
1400000US13215010502,13215010502,"Census Tract 105.02, Muscogee County, Georgia",1761,197,1759,197,1223,252,374,91,119,56,255,80,144,45,553,141,541,143,0,13,12,19,42,52,10,16,31,34,0,13,0,13,0,13,69,58,0,13,0,13,69,58,0,13,0,13,536,102,484,96,208,79,199,79,9,15,276,67,244,70,32,27,52,39,0,13,16,16,36,35,0,13,0,13,2,3
1400000US13215010602,13215010602,"Census Tract 106.02, Muscogee County, Georgia",5431,465,5423,465,4938,493,1469,132,553,127,916,136,797,115,2107,377,1878,356,72,47,157,85,401,147,34,29,27,26,0,19,0,19,35,43,68,54,0,19,0,19,68,54,0,19,0,19,485,152,396,101,141,76,97,62,44,46,255,75,241,75,14,16,89,78,0,19,33,54,29,21,0,19,27,45,8,6
1400000US13215010605,13215010605,"Census Tract 106.05, Muscogee County, Georgia",4532,482,4530,482,4186,498,1222,125,469,128,753,148,619,119,1745,297,1646,318,0,13,99,112,210,120,111,91,59,55,0,13,13,20,107,69,100,82,0,13,75,80,14,17,11,21,0,13,344,84,284,65,102,41,74,36,28,26,182,61,165,57,17,21,60,43,18,28,0,13,19,16,13,22,10,17,2,3
1400000US13215010606,13215010606,"Census Tract 106.06, Muscogee County, Georgia",2406,331,32,48,0,13,0,13,0,13,0,13,0,13,0,13,0,13,0,13,0,13,0,13,0,13,0,13,0,13,0,13,0,13,0,13,0,13,0,13,0,13,0,13,0,13,32,48,32,48,32,48,32,48,0,13,0,13,0,13,0,13,0,13,0,13,0,13,0,13,0,13,0,13,2374,330
1400000US13215010607,13215010607,"Census Tract 106.07, Muscogee County, Georgia",5991,455,5989,456,5491,512,1659,138,483,152,1176,186,753,151,2432,394,2191,385,110,101,131,174,282,155,75,96,23,37,0,19,0,19,60,59,207,186,8,15,20,34,113,97,0,19,66,93,498,138,488,135,188,96,188,96,0,19,300,112,291,111,9,15,10,16,0,19,0,19,10,16,0,19,0,19,2,3
1400000US13215010608,13215010608,"Census Tract 106.08, Muscogee County, Georgia",4245,515,4245,515,3911,536,1185,126,527,129,658,148,694,131,1526,334,1415,314,31,48,80,76,233,109,50,43,15,21,18,28,36,48,63,56,91,77,0,13,0,13,54,52,19,32,18,28,334,131,285,118,128,95,105,93,23,26,157,87,148,87,9,14,49,45,20,31,0,13,19,22,0,13,10,15,0,13
1400000US13215010701,13215010701,"Census Tract 107.01, Muscogee County, Georgia",5906,454,5900,456,5136,526,1541,142,636,141,905,151,751,166,2007,408,1830,395,67,64,110,102,191,114,243,169,46,43,0,19,0,19,241,214,116,95,0,19,0,19,15,24,0,19,101,94,764,182,680,158,326,132,293,131,33,32,354,126,336,128,18,28,84,73,24,38,13,19,17,26,0,19,30,50,6,4
1400000US13215010702,13215010702,"Census Tract 107.02, Muscogee County, Georgia",4882,355,4874,353,4246,410,1364,137,707,166,657,124,1001,164,1530,246,1382,241,11,17,137,86,183,84,0,13,36,33,0,13,12,18,63,67,57,56,0,13,29,33,28,45,0,13,0,13,628,145,607,143,258,97,250,96,8,13,349,117,339,118,10,16,21,27,0,13,11,17,10,15,0,13,0,13,8,8
1400000US13215010703,13215010703,"Census Tract 107.03, Muscogee County, Georgia",6448,600,6432,602,5339,629,1696,197,693,185,1003,177,922,174,2231,377,2169,372,0,19,62,62,198,123,120,111,23,26,0,19,0,19,50,56,99,90,0,19,12,21,87,88,0,19,0,19,1093,216,923,160,480,138,338,123,142,97,443,128,406,117,37,33,170,94,26,42,13,19,131,90,0,19,0,19,16,18
1400000US13215010801,13215010801,"Census Tract 108.01, Muscogee County, Georgia",1887,664,1461,313,1307,314,315,76,203,56,112,52,301,79,641,188,533,145,20,32,88,73,0,13,0,13,0,13,0,13,0,13,7,11,43,53,0,13,0,13,23,24,0,13,20,33,154,77,111,52,98,54,79,47,19,32,13,16,0,13,13,16,43,37,0,13,27,41,16,18,0,13,0,13,426,547
1400000US13215010802,13215010802,"Census Tract 108.02, Muscogee County, Georgia",9064,779,2995,426,2977,423,722,107,583,115,139,67,740,97,1458,267,1269,226,41,41,148,83,20,38,0,19,0,19,0,19,12,23,18,30,7,10,0,19,0,19,0,19,0,19,7,10,18,21,18,21,0,19,0,19,0,19,18,21,18,21,0,19,0,19,0,19,0,19,0,19,0,19,0,19,6069,695
1400000US13215011100,13215011100,"Census Tract 111, Muscogee County, Georgia",1578,232,1094,154,355,175,132,59,24,22,108,56,79,36,124,95,124,95,0,13,0,13,3,8,0,13,3,9,0,13,0,13,4,9,10,12,0,13,0,13,10,12,0,13,0,13,739,174,597,118,317,96,262,88,55,32,280,87,250,82,30,27,142,82,18,21,17,25,53,32,0,13,54,44,484,189
1400000US13215011200,13215011200,"Census Tract 112, Muscogee County, Georgia",2037,279,2032,279,1248,322,374,92,142,62,232,77,175,67,552,191,514,176,12,19,26,40,101,87,6,10,5,9,0,13,0,13,30,33,5,8,0,13,0,13,5,8,0,13,0,13,784,150,694,116,226,99,200,92,26,42,468,109,408,107,60,44,90,66,18,28,43,54,29,29,0,13,0,13,5,6
1400000US13215011400,13215011400,"Census Tract 114, Muscogee County, Georgia",2061,372,2061,372,1761,384,535,95,233,85,302,100,226,87,600,186,442,165,0,13,158,105,73,70,6,10,10,15,0,13,0,13,57,51,254,147,0,13,98,80,84,61,0,13,72,78,300,101,256,78,112,59,86,51,26,29,144,52,139,51,5,11,44,45,16,26,7,16,21,33,0,13,0,13,0,13
1400000US13215011500,13215011500,"Census Tract 115, Muscogee County, Georgia",6055,638,6052,638,4971,682,1396,145,528,121,868,145,618,127,1983,325,1827,314,138,184,18,28,591,309,67,60,59,51,10,16,39,62,55,48,153,91,0,19,17,28,76,72,0,19,60,50,1081,389,645,133,286,96,229,86,57,52,359,87,274,72,85,48,436,318,0,19,224,203,61,60,0,19,151,220,3,3
1400000US13217100100,13217100100,"Census Tract 1001, Newton County, Georgia",11458,838,11024,717,9931,844,2894,233,1887,253,1007,219,2318,260,3160,405,2797,355,98,71,265,178,411,211,162,144,104,88,179,212,207,158,206,127,290,157,62,99,22,31,135,93,45,53,26,36,1093,260,981,234,550,194,486,185,64,48,431,143,394,136,37,35,112,62,0,21,10,14,94,57,0,21,8,12,434,299
1400000US13217100201,13217100201,"Census Tract 1002.01, Newton County, Georgia",6065,434,6016,435,5477,538,1587,185,1075,184,512,146,1300,186,1891,239,1655,277,92,92,144,103,110,72,71,73,127,83,82,83,17,24,121,95,171,113,0,19,0,19,44,31,0,19,127,114,539,283,382,155,213,127,91,59,122,112,169,84,169,84,0,19,157,156,3,6,0,19,38,44,0,19,116,144,49,29
1400000US13217100202,13217100202,"Census Tract 1002.02, Newton County, Georgia",5238,441,5234,439,4895,434,1511,155,1029,146,482,146,1252,131,1861,261,1797,272,39,64,25,30,80,52,0,19,0,19,0,19,4,8,25,34,162,123,107,117,0,19,17,28,0,19,38,50,339,122,284,93,138,67,88,70,50,55,146,64,146,64,0,19,55,58,0,19,17,20,38,55,0,19,0,19,4,7
1400000US13217100300,13217100300,"Census Tract 1003, Newton County, Georgia",8531,839,8528,839,7386,896,2176,244,918,189,1258,248,1292,176,2781,506,2654,489,0,19,127,102,243,164,212,153,202,139,29,46,30,47,160,119,261,177,0,19,1,11,97,90,0,19,163,132,1142,383,910,228,344,174,336,172,8,15,566,181,444,139,122,117,232,238,0,19,140,145,92,101,0,19,0,19,3,8
1400000US13217100400,13217100400,"Census Tract 1004, Newton County, Georgia",3903,571,2965,486,2463,497,661,109,306,72,355,105,326,53,902,245,855,247,0,13,47,45,240,137,46,46,17,25,17,18,62,78,71,75,121,82,16,22,37,63,36,26,0,13,32,43,502,126,429,99,204,79,165,73,39,35,225,70,225,70,0,13,73,60,0,13,19,31,31,33,0,13,23,37,938,316
1400000US13217100501,13217100501,"Census Tract 1005.01, Newton County, Georgia",14817,1151,14801,1152,13159,1297,3566,306,1676,326,1890,296,1942,270,5163,724,4850,739,110,76,203,122,555,328,509,438,285,149,17,28,0,21,846,618,276,150,0,21,0,21,181,125,0,21,95,115,1642,387,1458,327,445,173,398,158,47,57,1013,285,904,269,109,76,184,128,0,21,53,58,131,103,0,21,0,21,16,14
1400000US13217100502,13217100502,"Census Tract 1005.02, Newton County, Georgia",7707,1127,7669,1130,6855,1148,1837,275,799,171,1038,242,1141,197,2890,618,2724,630,14,28,152,94,293,322,127,136,59,53,38,62,34,54,379,236,57,57,0,19,0,19,37,45,20,37,0,19,814,202,757,188,260,139,249,140,11,18,497,164,465,169,32,49,57,73,9,16,0,19,0,19,0,19,48,72,38,37
1400000US13217100600,13217100600,"Census Tract 1006, Newton County, Georgia",6301,612,6275,609,5336,679,1481,175,674,125,807,156,1002,174,2233,452,2127,451,14,18,92,81,221,122,66,51,53,44,0,19,35,38,38,36,207,161,99,138,15,25,62,42,0,19,31,39,939,218,704,154,374,133,259,108,115,87,330,102,275,95,55,52,235,117,44,72,48,71,122,81,0,19,21,29,26,21
1400000US13217100700,13217100700,"Census Tract 1007, Newton County, Georgia",5597,625,5593,625,4988,657,1415,207,534,157,881,191,581,131,2048,396,1836,396,23,39,189,145,359,190,145,127,60,66,21,32,52,60,78,63,229,139,0,19,96,83,85,73,0,19,48,54,605,202,573,180,236,127,236,127,0,19,337,117,305,105,32,50,32,49,0,19,0,19,0,19,0,19,32,49,4,4
1400000US13217100800,13217100800,"Census Tract 1008, Newton County, Georgia",9630,766,9628,767,8904,802,2580,277,1629,279,951,211,1836,245,3415,448,3185,414,62,75,168,143,299,167,122,84,116,86,28,48,19,32,230,152,259,212,0,19,22,37,61,52,139,168,37,55,724,197,589,161,371,122,322,125,49,42,218,102,192,99,26,34,135,106,0,19,41,48,41,41,0,19,53,64,2,3
1400000US13217100901,13217100901,"Census Tract 1009.01, Newton County, Georgia",9659,1008,9657,1008,8948,1107,2655,272,1212,251,1443,295,1858,268,2888,524,2318,491,273,235,297,212,792,429,171,140,184,132,22,37,11,20,122,95,245,197,12,18,0,19,70,84,0,19,163,192,709,284,570,215,362,171,351,168,11,18,208,94,137,72,71,68,139,112,0,19,76,91,63,72,0,19,0,19,2,10
1400000US13217100902,13217100902,"Census Tract 1009.02, Newton County, Georgia",5397,540,5395,540,4941,559,1355,173,720,161,635,192,995,159,1999,309,1909,322,50,52,40,56,17,22,77,73,206,140,53,75,0,19,129,148,110,88,18,31,0,19,76,70,0,19,16,26,454,161,424,150,211,110,202,112,9,14,213,110,192,105,21,35,30,38,0,19,12,22,18,30,0,19,0,19,2,2
1400000US13217100903,13217100903,"Census Tract 1009.03, Newton County, Georgia",5744,671,5744,671,5363,673,1486,197,713,204,773,176,1033,231,2215,304,1992,295,12,20,211,142,99,78,60,86,84,100,0,19,0,19,244,169,142,146,0,19,89,133,53,63,0,19,0,19,381,149,381,149,150,100,150,100,0,19,231,111,231,111,0,19,0,19,0,19,0,19,0,19,0,19,0,19,0,19
1400000US13219030100,13219030100,"Census Tract 301, Oconee County, Georgia",10453,528,10435,526,9640,552,2974,211,1773,185,1201,179,2421,187,3703,306,3422,323,184,144,97,68,120,66,65,47,92,67,0,21,26,31,79,57,160,90,0,21,0,21,107,71,0,21,53,48,795,225,649,160,267,111,210,110,57,49,382,115,361,112,21,24,146,135,42,63,54,67,27,26,0,21,23,33,18,15
1400000US13219030200,13219030200,"Census Tract 302, Oconee County, Georgia",5471,369,5435,363,4705,406,1491,151,872,139,619,168,1158,165,1797,232,1599,230,89,90,109,95,72,59,18,30,39,52,0,19,31,26,42,63,57,44,0,19,10,17,21,30,0,19,26,38,730,226,487,129,154,90,120,89,34,31,333,99,251,88,82,61,243,161,68,96,90,95,67,55,0,19,18,30,36,33
1400000US13219030300,13219030300,"Census Tract 303, Oconee County, Georgia",4920,486,4843,485,4544,505,1342,126,825,141,517,114,1079,111,1810,367,1645,255,20,20,145,183,72,64,81,78,38,32,37,38,0,13,64,53,21,23,0,13,0,13,9,13,0,13,12,18,299,84,260,71,114,63,97,60,17,21,146,50,139,50,7,10,39,36,0,13,20,34,19,16,0,13,0,13,77,38
1400000US13219030400,13219030400,"Census Tract 304, Oconee County, Georgia",7437,498,7351,504,6701,527,1965,162,1233,157,732,149,1552,146,2511,301,2247,285,51,38,213,105,219,147,138,121,77,93,19,31,0,19,49,48,171,121,25,37,75,96,28,31,15,23,28,30,650,209,472,124,156,80,134,72,22,31,316,92,199,68,117,64,178,109,44,50,43,40,84,59,0,19,7,11,86,58
1400000US13219030500,13219030500,"Census Tract 305, Oconee County, Georgia",2063,229,2063,229,1951,236,620,64,374,74,246,73,572,67,679,133,667,131,12,18,0,13,43,34,0,13,0,13,7,13,22,38,0,13,8,13,0,13,0,13,0,13,0,13,8,13,112,53,112,53,57,32,57,32,0,13,55,47,55,47,0,13,0,13,0,13,0,13,0,13,0,13,0,13,0,13
1400000US13219030600,13219030600,"Census Tract 306, Oconee County, Georgia",2470,341,2470,341,2263,347,685,95,356,99,329,97,631,98,851,174,770,165,75,82,6,10,46,32,30,44,9,15,0,13,0,13,3,4,8,11,0,13,0,13,2,3,0,13,6,9,207,94,182,85,114,74,109,73,5,8,68,39,59,36,9,13,25,25,17,22,0,13,8,13,0,13,0,13,0,13
1400000US13221960100,13221960100,"Census Tract 9601, Oglethorpe County, Georgia",2061,340,2061,340,1855,340,471,69,296,75,175,58,378,81,764,214,582,219,13,20,169,149,122,109,35,45,51,54,0,13,6,30,20,28,8,13,0,13,0,13,8,13,0,13,0,13,206,87,162,62,91,43,68,42,23,28,71,50,52,41,19,29,44,42,0,13,0,13,44,42,0,13,0,13,0,13
1400000US13221960201,13221960201,"Census Tract 9602.01, Oglethorpe County, Georgia",6772,477,6742,476,6093,510,1727,174,1119,161,608,165,1477,145,2193,334,1998,348,85,80,110,77,82,67,38,57,77,100,0,19,0,19,195,211,304,192,165,166,13,20,74,72,0,19,52,59,649,168,572,146,418,140,378,134,40,44,154,73,133,70,21,20,77,57,0,19,28,46,49,45,0,19,0,19,30,13
1400000US13221960202,13221960202,"Census Tract 9602.02, Oglethorpe County, Georgia",4356,391,4231,392,3787,415,1160,161,602,133,558,142,925,146,1276,209,1148,201,91,91,37,52,125,89,114,103,45,65,0,13,62,93,55,67,25,32,0,13,0,13,25,32,0,13,0,13,444,149,326,100,158,71,108,63,50,36,168,58,154,56,14,19,118,89,22,42,55,74,41,27,0,13,0,13,125,52
1400000US13221960300,13221960300,"Census Tract 9603, Oglethorpe County, Georgia",1556,327,1556,327,1286,352,319,77,156,71,163,62,210,83,653,268,642,266,11,19,0,13,72,67,12,18,9,15,0,13,0,13,0,13,11,16,0,13,0,13,4,7,0,13,7,14,270,75,244,69,120,61,111,60,9,10,124,48,107,44,17,22,26,24,0,13,0,13,26,24,0,13,0,13,0,13
1400000US13223120101,13223120101,"Census Tract 1201.01, Paulding County, Georgia",12278,709,12278,709,11698,758,3482,243,2148,255,1334,259,2954,258,4697,427,4105,488,178,149,414,202,177,122,24,40,133,81,54,81,16,27,68,65,93,75,27,41,0,21,47,47,0,21,19,31,580,220,449,157,286,140,194,114,92,85,163,98,134,92,29,34,131,97,0,21,37,38,52,65,0,21,42,63,0,21
1400000US13223120102,13223120102,"Census Tract 1201.02, Paulding County, Georgia",10196,919,9729,902,9346,921,2809,197,1458,262,1351,256,2456,261,3077,519,2813,473,18,32,246,203,221,239,74,79,82,93,12,22,69,109,97,83,449,376,15,24,31,49,133,88,0,21,270,297,383,151,360,143,147,89,136,87,11,18,213,109,203,106,10,16,23,26,0,21,12,19,11,18,0,21,0,21,467,169
1400000US13223120103,13223120103,"Census Tract 1201.03, Paulding County, Georgia",8824,736,8824,736,8447,730,2353,188,1366,248,987,188,1856,194,3500,449,3197,507,46,40,257,208,29,37,132,110,142,108,45,51,47,53,39,53,304,251,0,19,59,67,125,102,0,19,120,157,377,201,225,101,119,84,56,45,63,77,106,57,37,36,69,48,152,108,0,19,0,19,138,101,0,19,14,23,0,19
1400000US13223120104,13223120104,"Census Tract 1201.04, Paulding County, Georgia",2226,284,2226,284,2018,307,664,110,392,116,272,89,573,106,717,148,643,155,0,13,74,75,6,12,0,13,29,36,0,13,2,4,22,25,5,8,0,13,0,13,0,13,0,13,5,8,208,93,158,74,85,56,65,54,20,26,73,48,60,46,13,20,50,51,14,23,7,15,29,34,0,13,0,13,0,13
1400000US13223120202,13223120202,"Census Tract 1202.02, Paulding County, Georgia",7052,652,7052,652,6486,681,1894,196,1239,213,655,155,1441,217,2346,344,2150,291,29,29,167,156,110,121,256,150,241,164,16,26,20,28,142,123,20,23,0,19,0,19,20,23,0,19,0,19,566,155,527,145,282,106,260,103,22,25,245,114,239,113,6,13,39,42,22,34,7,13,10,16,0,19,0,19,0,19
1400000US13223120203,13223120203,"Census Tract 1202.03, Paulding County, Georgia",5441,445,5439,445,4885,518,1436,154,873,162,563,172,1108,151,1674,302,1505,261,85,78,84,86,60,64,194,166,268,297,0,19,0,19,79,139,66,68,0,19,0,19,40,50,0,19,26,38,554,203,528,196,261,151,243,149,18,27,267,127,262,128,5,10,26,32,0,19,23,29,3,9,0,19,0,19,2,3
1400000US13223120204,13223120204,"Census Tract 1202.04, Paulding County, Georgia",6479,521,6479,521,5893,600,1827,211,1344,220,483,153,1337,175,2060,299,2002,304,0,19,58,66,41,48,36,54,89,93,36,44,0,19,219,232,248,155,0,19,47,77,145,100,56,83,0,19,586,200,573,200,211,139,208,139,3,5,362,156,352,157,10,16,13,18,0,19,0,19,13,18,0,19,0,19,0,19
1400000US13223120301,13223120301,"Census Tract 1203.01, Paulding County, Georgia",5162,477,5162,477,4476,471,1269,165,751,182,518,162,896,159,1936,336,1865,324,28,44,43,47,93,96,18,31,52,53,40,61,6,13,79,81,87,75,45,69,0,19,42,35,0,19,0,19,686,210,548,156,239,117,189,107,50,47,309,133,242,119,67,64,138,97,0,19,67,79,36,37,0,19,35,42,0,19
1400000US13223120302,13223120302,"Census Tract 1203.02, Paulding County, Georgia",12689,1385,12489,1397,11139,1490,3101,318,1676,303,1425,330,1981,351,3526,729,3264,692,0,21,262,213,113,99,865,577,257,180,8,16,0,21,1060,502,228,169,0,21,114,143,90,67,0,21,24,40,1350,432,1050,290,374,176,288,150,86,79,676,230,552,190,124,111,300,211,0,21,80,77,160,116,0,21,60,81,200,144
1400000US13223120303,13223120303,"Census Tract 1203.03, Paulding County, Georgia",1591,298,1591,298,1434,311,404,93,215,70,189,81,293,76,641,168,531,174,0,13,110,75,20,21,0,13,0,13,0,13,12,20,0,13,64,72,0,13,0,13,64,72,0,13,0,13,157,113,100,68,44,44,12,16,32,39,56,48,44,44,12,19,57,55,20,36,0,13,4,7,0,13,33,39,0,13
1400000US13223120400,13223120400,"Census Tract 1204, Paulding County, Georgia",17106,1208,17106,1208,15370,1258,4605,285,2438,322,2167,335,3436,393,5333,616,4846,580,250,134,237,167,819,631,98,94,253,186,98,72,125,179,169,112,434,276,0,21,188,171,224,174,6,9,16,24,1736,362,1289,244,720,206,429,165,291,141,569,172,446,151,123,102,447,172,49,76,70,73,291,149,0,21,37,42,0,21
1400000US13223120501,13223120501,"Census Tract 1205.01, Paulding County, Georgia",6017,688,6014,688,5417,724,1674,202,843,215,831,227,1194,209,2160,430,2043,412,44,37,73,90,37,37,13,22,17,28,25,41,48,68,135,138,114,86,16,26,0,19,48,41,0,19,50,63,597,226,549,215,207,138,183,136,24,24,342,147,336,147,6,11,48,50,0,19,19,24,10,13,0,19,19,32,3,4
1400000US13223120502,13223120502,"Census Tract 1205.02, Paulding County, Georgia",10323,764,10323,764,9508,817,2612,221,1575,243,1037,260,1933,221,3619,461,3436,474,32,41,151,115,505,261,96,95,119,109,17,29,51,50,170,123,386,242,71,81,0,21,158,110,0,21,157,168,815,253,719,197,361,143,344,142,17,30,358,129,293,128,65,72,96,97,15,28,57,76,2,5,0,21,22,38,0,21
1400000US13223120503,13223120503,"Census Tract 1205.03, Paulding County, Georgia",4662,578,4662,578,4351,595,1366,152,869,172,497,200,1033,143,1721,376,1498,322,37,58,186,149,42,44,0,13,13,20,0,13,20,32,10,18,146,96,0,13,0,13,98,95,0,13,48,73,311,228,199,105,120,78,63,50,57,63,79,63,79,63,0,13,112,148,0,13,0,13,57,64,0,13,55,88,0,13
1400000US13223120601,13223120601,"Census Tract 1206.01, Paulding County, Georgia",4122,415,4122,415,3509,464,1163,152,599,171,564,164,882,202,1216,261,1216,261,0,13,0,13,82,71,0,13,22,29,0,13,12,20,87,86,45,45,0,13,0,13,14,24,0,13,31,37,613,216,455,134,158,83,158,83,0,13,297,111,159,85,138,115,158,116,57,65,0,13,101,90,0,13,0,13,0,13
1400000US13223120602,13223120602,"Census Tract 1206.02, Paulding County, Georgia",10801,858,10801,858,10316,900,3029,197,1730,270,1299,266,2328,296,4016,655,3724,614,131,125,161,158,187,116,106,132,225,174,14,25,21,37,27,45,363,277,0,21,0,21,169,127,0,21,194,254,485,207,370,153,166,97,107,83,59,59,204,109,195,107,9,19,115,117,0,21,20,33,64,69,0,21,31,50,0,21
1400000US13223120603,13223120603,"Census Tract 1206.03, Paulding County, Georgia",6375,545,6375,545,5436,661,1890,219,922,236,968,205,1388,248,1905,388,1784,376,97,105,24,38,84,75,40,58,24,38,25,40,0,19,0,19,80,90,0,19,6,16,20,35,0,19,54,80,939,380,656,205,475,179,334,152,141,114,181,96,181,96,0,19,283,237,112,112,0,19,171,138,0,19,0,19,0,19
1400000US13223120604,13223120604,"Census Tract 1206.04, Paulding County, Georgia",5327,443,5327,443,4978,473,1522,149,900,191,622,171,1206,174,1819,201,1735,222,62,76,22,30,178,123,62,60,52,49,0,19,0,19,82,58,57,67,0,19,0,19,15,27,0,19,42,65,349,183,267,120,117,93,104,93,13,19,150,84,124,74,26,41,82,105,14,23,0,19,33,49,0,19,35,53,0,19
1400000US13223120605,13223120605,"Census Tract 1206.05, Paulding County, Georgia",5175,460,5166,459,4687,571,1376,170,656,157,720,146,1125,168,1587,302,1424,310,43,40,120,140,53,56,77,82,49,69,13,22,18,28,259,197,130,105,0,19,14,26,51,49,0,19,65,84,479,233,360,156,152,99,109,86,43,43,208,129,148,95,60,90,119,104,20,33,83,94,16,26,0,19,0,19,9,8
1400000US13225040101,13225040101,"Census Tract 401.01, Peach County, Georgia",1392,259,1392,259,1275,293,438,92,272,80,166,69,423,100,384,168,362,160,5,13,17,28,13,24,0,13,0,13,0,13,0,13,17,28,0,13,0,13,0,13,0,13,0,13,0,13,117,73,117,73,72,53,72,53,0,13,45,38,45,38,0,13,0,13,0,13,0,13,0,13,0,13,0,13,0,13
1400000US13225040102,13225040102,"Census Tract 401.02, Peach County, Georgia",9418,720,9418,720,8692,708,2718,323,1566,295,1152,219,2127,279,2555,372,2290,368,150,101,115,79,320,165,248,139,152,148,20,21,35,40,265,194,252,208,200,201,0,19,52,43,0,19,0,19,726,214,577,167,277,117,213,103,64,49,300,105,237,92,63,62,149,88,0,19,97,84,40,37,0,19,12,19,0,19
1400000US13225040200,13225040200,"Census Tract 402, Peach County, Georgia",4495,565,4349,552,3790,582,1121,147,529,121,592,131,716,135,1484,382,1430,382,50,58,4,9,90,83,79,61,101,94,0,13,0,13,150,91,49,56,0,13,0,13,0,13,5,11,44,52,559,143,508,125,210,97,210,97,0,13,298,103,258,95,40,38,51,52,0,13,20,30,0,13,0,13,31,40,146,52
1400000US13225040301,13225040301,"Census Tract 403.01, Peach County, Georgia",3144,361,3142,361,2755,351,855,117,529,103,326,100,639,129,985,202,914,206,28,34,43,42,69,59,17,28,20,31,13,22,0,13,29,40,128,120,0,13,105,117,11,18,0,13,12,19,387,138,363,117,163,85,143,80,20,30,200,85,200,85,0,13,24,39,20,36,0,13,0,13,0,13,4,10,2,5
1400000US13225040302,13225040302,"Census Tract 403.02, Peach County, Georgia",2280,343,2269,344,1609,337,530,120,187,71,343,107,332,91,565,181,548,181,13,23,4,10,53,47,12,22,25,37,0,13,0,13,18,27,74,57,0,13,0,13,49,46,3,12,22,30,660,214,479,112,129,79,109,73,20,34,350,96,259,86,91,59,181,139,40,83,141,107,0,13,0,13,0,13,11,10
1400000US13225040400,13225040400,"Census Tract 404, Peach County, Georgia",6802,961,4596,847,3627,749,1078,157,388,145,690,126,592,154,1472,501,1466,500,0,19,6,9,182,94,31,33,23,29,0,19,0,19,92,90,157,151,105,136,0,19,52,55,0,19,0,19,969,356,610,223,289,200,179,163,110,78,321,121,310,119,11,18,359,212,153,164,120,158,45,58,0,19,41,63,2206,1501
1400000US13227050100,13227050100,"Census Tract 501, Pickens County, Georgia",4284,443,4278,442,3778,481,1547,196,1003,154,544,166,1535,206,508,174,475,165,33,51,0,13,46,54,13,22,55,70,16,28,18,28,27,29,13,22,0,13,0,13,13,22,0,13,0,13,500,140,483,142,243,100,243,100,0,13,240,94,223,96,17,20,17,20,0,13,0,13,17,20,0,13,0,13,6,6
1400000US13227050200,13227050200,"Census Tract 502, Pickens County, Georgia",6702,534,6497,539,5571,552,1731,202,888,165,843,209,1326,181,2046,357,1820,315,45,45,181,101,104,102,47,45,83,62,0,19,94,106,28,36,112,78,0,19,0,19,50,49,0,19,62,59,926,222,829,184,396,117,310,102,86,68,433,129,426,129,7,11,97,71,0,19,0,19,42,42,0,19,55,59,205,87
1400000US13227050300,13227050300,"Census Tract 503, Pickens County, Georgia",4202,334,4189,334,3880,322,1284,129,797,162,487,126,1119,114,1275,187,1209,189,6,10,60,37,27,28,40,40,73,63,7,12,0,13,14,18,41,37,0,13,8,13,7,11,26,33,0,13,309,99,262,73,115,51,104,51,11,13,147,60,134,61,13,18,47,61,0,13,9,15,6,9,0,13,32,57,13,13
1400000US13227050400,13227050400,"Census Tract 504, Pickens County, Georgia",3741,344,3691,344,3361,346,990,98,594,109,396,112,888,109,1113,254,979,190,12,18,122,92,128,75,7,12,37,34,48,55,81,64,0,13,69,59,0,13,14,21,29,28,0,13,26,37,330,81,310,74,183,68,183,68,0,13,127,55,120,55,7,12,20,35,0,13,0,13,6,10,0,13,14,25,50,24
1400000US13227050500,13227050500,"Census Tract 505, Pickens County, Georgia",4353,371,4353,371,4025,410,1252,126,682,117,570,111,1052,128,1354,254,1237,245,36,33,81,64,74,65,12,20,28,30,8,14,37,35,96,95,112,84,0,13,0,13,41,40,0,13,71,73,328,83,290,75,132,55,118,54,14,23,158,67,133,68,25,25,38,33,0,13,15,24,23,23,0,13,0,13,0,13
1400000US13227050600,13227050600,"Census Tract 506, Pickens County, Georgia",6163,483,6163,483,5333,593,1660,168,995,168,665,181,1330,182,1485,346,1411,356,13,22,61,61,262,210,26,31,83,69,0,19,38,55,199,153,250,170,0,19,0,19,83,64,0,19,167,160,830,247,676,160,389,166,306,135,83,74,287,108,250,92,37,39,154,117,0,19,21,38,47,43,0,19,86,100,0,19
1400000US13229960100,13229960100,"Census Tract 9601, Pierce County, Georgia",2739,272,2734,272,2505,274,814,83,408,74,406,79,668,84,824,167,663,154,55,73,106,106,133,92,26,23,0,13,2,3,27,26,4,5,7,8,2,4,0,13,5,8,0,13,0,13,229,76,220,72,109,49,101,47,8,14,111,49,108,47,3,6,9,11,0,13,6,10,3,6,0,13,0,13,5,4
1400000US13229960200,13229960200,"Census Tract 9602, Pierce County, Georgia",2043,267,2043,267,1911,299,563,84,277,86,286,88,512,107,694,161,634,170,55,62,5,10,82,85,12,20,0,13,0,13,2,5,6,11,40,42,0,13,0,13,18,35,0,13,22,26,132,95,90,51,60,43,38,35,22,26,30,25,30,25,0,13,42,58,6,10,36,58,0,13,0,13,0,13,0,13
1400000US13229960300,13229960300,"Census Tract 9603, Pierce County, Georgia",6373,522,6296,520,5371,574,1757,202,974,189,783,187,1130,160,1810,330,1715,320,28,39,67,61,350,239,52,64,0,19,15,24,9,15,36,31,212,160,82,106,0,19,130,93,0,19,0,19,925,229,818,191,450,141,384,132,66,70,368,133,316,130,52,44,107,75,0,19,19,34,88,74,0,19,0,19,77,33
1400000US13229960400,13229960400,"Census Tract 9604, Pierce County, Georgia",7476,512,7399,515,6320,627,2003,180,1138,185,865,173,1499,217,2072,312,1925,304,67,59,80,61,329,209,91,62,70,57,11,17,35,42,89,68,121,98,0,19,0,19,69,85,0,19,52,60,1079,279,803,186,343,121,163,68,180,114,460,149,396,147,64,44,276,131,25,37,132,92,85,57,0,19,34,40,77,57
1400000US13231010100,13231010100,"Census Tract 101, Pike County, Georgia",6731,323,6596,325,6057,348,1876,135,1002,131,874,151,1353,133,2295,226,2116,245,27,18,152,105,124,73,44,36,63,39,8,12,3,5,146,129,145,79,51,52,28,22,49,52,0,19,17,22,539,134,509,115,226,92,226,92,0,19,283,85,256,75,27,38,30,44,0,19,0,19,30,44,0,19,0,19,135,86
1400000US13231010200,13231010200,"Census Tract 102, Pike County, Georgia",3237,225,3237,225,2999,221,893,68,642,96,251,81,802,89,1094,166,1011,153,18,20,65,53,96,80,9,15,25,23,16,19,20,29,15,16,29,24,0,13,0,13,19,18,0,13,10,14,238,89,181,55,86,49,47,30,39,39,95,42,86,42,9,13,57,50,0,13,0,13,26,28,0,13,31,49,0,13
1400000US13231010300,13231010300,"Census Tract 103, Pike County, Georgia",4518,317,4466,322,4142,353,1209,116,680,114,529,100,838,116,1509,210,1384,204,22,19,103,70,106,62,43,39,42,31,0,13,0,13,138,66,257,161,0,13,8,13,159,101,0,13,90,91,324,147,226,67,116,56,90,51,26,25,110,38,101,36,9,11,98,108,0,13,0,13,43,38,10,18,45,68,52,70
1400000US13231010400,13231010400,"Census Tract 104, Pike County, Georgia",3279,288,3230,290,2965,332,1030,114,618,116,412,101,819,110,870,175,784,164,15,23,71,55,80,52,17,22,36,43,23,25,0,13,55,54,35,29,12,18,7,12,8,12,8,14,0,13,265,134,205,82,57,55,33,40,24,38,148,58,130,54,18,20,60,70,0,13,8,12,21,32,0,13,31,39,49,46
1400000US13233010100,13233010100,"Census Tract 101, Polk County, Georgia",5774,655,5774,655,5050,676,1497,183,1011,173,486,140,1261,185,1873,415,1525,384,107,150,241,142,107,88,53,56,86,91,8,14,14,16,11,13,140,145,0,19,17,21,19,18,98,138,6,10,724,247,579,152,364,127,346,128,18,20,215,84,165,69,50,54,145,150,7,14,117,147,21,24,0,19,0,19,0,19
1400000US13233010200,13233010200,"Census Tract 102, Polk County, Georgia",8228,653,8194,655,7264,721,2221,222,1289,208,932,208,1609,208,2733,485,2477,462,84,76,172,139,282,189,71,90,123,89,43,48,43,62,30,55,109,80,0,19,0,19,56,54,0,19,53,64,930,204,826,180,419,149,384,152,35,28,407,130,369,116,38,41,104,76,0,19,20,34,37,40,0,19,47,75,34,19
1400000US13233010300,13233010300,"Census Tract 103, Polk County, Georgia",4889,462,4692,476,4309,493,1351,166,807,145,544,148,919,144,1495,300,1226,323,155,103,114,117,96,67,116,182,62,59,0,13,39,37,102,82,129,107,37,55,70,88,9,18,6,12,7,13,383,202,268,92,95,53,74,43,21,29,173,79,153,76,20,24,115,154,83,151,0,13,21,24,0,13,11,19,197,83
1400000US13233010400,13233010400,"Census Tract 104, Polk County, Georgia",6295,645,6206,653,5587,762,1440,202,791,164,649,177,889,175,2446,490,2394,494,0,19,52,65,203,121,28,40,33,51,15,26,34,42,228,238,271,151,0,19,86,79,185,104,0,19,0,19,619,316,430,159,153,91,110,71,43,54,277,109,277,109,0,19,189,204,0,19,189,204,0,19,0,19,0,19,89,42
1400000US13233010500,13233010500,"Census Tract 105, Polk County, Georgia",5395,626,5149,625,4343,639,1172,173,700,145,472,138,855,168,1415,386,1241,363,19,29,155,115,504,307,36,41,70,60,0,19,0,19,0,19,291,252,0,19,145,189,48,51,0,19,98,119,806,210,702,156,162,90,111,67,51,62,540,138,526,138,14,28,104,105,0,19,20,45,70,74,0,19,14,21,246,100
1400000US13233010600,13233010600,"Census Tract 106, Polk County, Georgia",6149,669,6149,669,5482,759,1664,208,831,172,833,213,1247,209,1791,359,1765,357,4,8,22,35,446,261,0,19,97,86,23,38,48,53,166,259,0,19,0,19,0,19,0,19,0,19,0,19,667,224,609,195,308,151,263,140,45,51,301,115,301,115,0,19,58,68,0,19,12,21,30,47,0,19,16,28,0,19
1400000US13233010700,13233010700,"Census Tract 107, Polk County, Georgia",4620,482,4539,486,3797,528,1201,200,702,183,499,150,787,182,1402,279,1112,236,123,105,167,130,127,97,18,35,5,14,0,13,62,82,116,100,79,72,0,13,0,13,59,66,7,15,13,22,742,223,673,192,252,130,214,119,38,45,421,167,385,150,36,45,69,55,0,13,19,31,50,46,0,13,0,13,81,42
1400000US13235950100,13235950100,"Census Tract 9501, Pulaski County, Georgia",3319,675,1896,405,1627,411,549,119,274,125,275,93,410,130,430,206,395,201,0,13,35,43,22,27,46,69,49,39,0,13,0,13,45,68,76,112,0,13,0,13,21,34,3,19,52,83,269,113,233,87,128,75,128,75,0,13,105,62,62,52,43,66,36,55,0,13,0,13,36,55,0,13,0,13,1423,561
1400000US13235950200,13235950200,"Census Tract 9502, Pulaski County, Georgia",6923,688,6795,689,5828,748,1929,291,905,221,1024,267,1115,220,2085,363,1987,372,27,36,71,75,236,165,124,124,25,43,0,19,0,19,83,94,231,146,0,19,0,19,231,146,0,19,0,19,967,284,880,245,402,186,369,176,33,46,478,191,428,186,50,51,87,76,7,12,0,19,48,50,0,19,32,53,128,67
1400000US13235950300,13235950300,"Census Tract 9503, Pulaski County, Georgia",1559,298,1559,298,1292,312,470,107,219,83,251,91,327,100,306,122,304,121,0,13,2,9,66,56,55,65,20,24,0,13,23,36,23,35,2,10,0,13,0,13,2,10,0,13,0,13,267,100,236,96,118,59,118,59,0,13,118,64,87,59,31,19,31,18,0,13,0,13,31,18,0,13,0,13,0,13
1400000US13237960101,13237960101,"Census Tract 9601.01, Putnam County, Georgia",3519,401,3519,401,3223,431,1095,144,739,143,356,128,985,162,803,234,527,176,123,99,153,102,147,127,9,16,0,13,0,13,25,40,106,76,53,66,0,13,31,52,0,13,0,13,22,39,296,131,281,121,87,62,87,62,0,13,194,96,178,90,16,25,15,25,0,13,15,25,0,13,0,13,0,13,0,13
1400000US13237960102,13237960102,"Census Tract 9601.02, Putnam County, Georgia",4604,459,4603,459,4049,490,1541,208,1034,190,507,145,1454,205,857,185,791,178,0,13,66,86,40,41,27,35,20,25,43,54,0,13,46,50,21,33,0,13,0,13,21,33,0,13,0,13,554,222,470,177,155,98,124,85,31,36,315,166,242,139,73,90,84,77,0,13,5,18,66,69,0,13,13,22,1,5
1400000US13237960201,13237960201,"Census Tract 9602.01, Putnam County, Georgia",1479,464,1475,464,1408,465,503,179,236,170,267,149,204,217,566,328,566,328,0,13,0,13,0,13,39,53,0,13,0,13,0,13,96,118,0,13,0,13,0,13,0,13,0,13,0,13,67,46,67,46,11,16,11,16,0,13,56,41,56,41,0,13,0,13,0,13,0,13,0,13,0,13,0,13,4,8
1400000US13237960202,13237960202,"Census Tract 9602.02, Putnam County, Georgia",7180,371,7030,367,5999,441,2002,237,847,235,1155,173,866,191,2514,412,2227,411,164,157,123,158,268,166,111,68,37,38,0,19,25,29,29,45,147,104,0,19,0,19,134,103,13,20,0,19,1031,404,771,254,407,189,301,147,106,97,364,147,281,118,83,86,260,196,0,19,42,70,173,133,0,19,45,66,150,59
1400000US13237960300,13237960300,"Census Tract 9603, Putnam County, Georgia",4402,487,4402,487,3812,499,1461,202,891,191,570,161,1164,167,783,213,714,206,25,35,44,46,189,138,20,27,66,63,0,13,0,13,34,41,95,71,0,13,0,13,76,65,19,31,0,13,590,229,524,198,266,168,209,143,57,53,258,100,243,95,15,28,66,55,0,13,8,15,58,52,0,13,0,13,0,13
1400000US13239960300,13239960300,"Census Tract 9603, Quitman County, Georgia",2542,257,2542,257,2289,259,736,92,352,87,384,92,489,96,744,168,702,167,6,9,36,43,174,102,45,22,25,22,0,13,0,13,39,38,37,37,0,13,0,13,14,13,0,13,23,36,253,81,243,78,115,56,107,55,8,9,128,55,128,55,0,13,10,11,0,13,0,13,10,11,0,13,0,13,0,13
1400000US13241970100,13241970100,"Census Tract 9701, Rabun County, Georgia",5393,506,5172,513,4360,538,1399,192,907,149,492,146,1196,196,1193,269,1104,260,10,14,79,65,193,173,13,22,47,58,39,48,48,56,200,137,32,40,14,29,15,23,0,19,0,19,3,5,812,184,745,159,401,144,370,140,31,40,344,105,327,103,17,21,67,58,7,11,42,47,13,21,0,19,5,8,221,72
1400000US13241970201,13241970201,"Census Tract 9702.01, Rabun County, Georgia",3604,467,3577,469,2948,506,977,146,647,124,330,113,710,132,1157,285,913,262,77,84,167,95,5,8,37,65,28,43,0,13,0,13,19,27,15,16,0,13,0,13,15,16,0,13,0,13,629,138,600,133,267,113,228,99,39,37,333,100,329,99,4,6,29,27,0,13,0,13,29,27,0,13,0,13,27,17
1400000US13241970202,13241970202,"Census Tract 9702.02, Rabun County, Georgia",3012,393,3012,393,2178,427,713,156,425,146,288,91,480,145,714,187,683,183,0,13,31,33,20,37,23,37,88,131,0,13,11,21,121,99,8,15,0,13,0,13,8,15,0,13,0,13,834,248,548,154,185,92,76,49,109,78,363,125,279,111,84,66,286,145,55,72,0,13,87,69,0,13,144,113,0,13
1400000US13241970301,13241970301,"Census Tract 9703.01, Rabun County, Georgia",2745,351,2731,353,2187,410,775,171,472,150,303,112,722,165,568,177,519,172,9,16,40,43,0,13,29,48,54,85,0,13,0,13,26,27,13,17,0,13,10,16,0,13,0,13,3,6,544,172,448,121,322,115,245,91,77,58,126,56,126,56,0,13,96,73,0,13,35,42,50,59,0,13,11,19,14,13
1400000US13241970302,13241970302,"Census Tract 9703.02, Rabun County, Georgia",1543,269,1509,261,1107,254,367,89,143,77,224,113,247,95,287,110,251,91,25,35,11,17,102,91,0,13,73,75,0,13,0,13,31,43,0,13,0,13,0,13,0,13,0,13,0,13,402,169,286,116,212,101,158,98,54,52,74,51,61,44,13,23,116,95,0,13,42,58,74,77,0,13,0,13,34,35
1400000US13243790100,13243790100,"Census Tract 7901, Randolph County, Georgia",1732,375,1732,375,1454,337,445,115,200,74,245,88,286,80,494,134,484,132,0,13,10,11,138,85,14,16,6,9,0,13,0,13,48,35,23,27,13,19,0,13,2,5,0,13,8,18,278,113,247,90,123,62,97,49,26,33,124,59,124,59,0,13,31,40,0,13,25,38,6,10,0,13,0,13,0,13
1400000US13243790200,13243790200,"Census Tract 7902, Randolph County, Georgia",5864,375,5500,398,4593,497,1389,190,526,206,863,189,852,202,1646,363,1409,325,99,155,138,157,323,213,66,61,33,54,0,19,0,19,69,47,215,149,0,19,0,19,140,98,75,112,0,19,907,328,752,245,333,185,202,140,131,118,419,183,419,183,0,19,155,134,118,126,16,28,21,40,0,19,0,19,364,78
1400000US13245000100,13245000100,"Census Tract 1, Richmond County, Georgia",3823,396,3761,400,2667,442,939,150,493,124,446,115,575,118,886,220,826,222,40,49,20,34,29,35,47,75,88,59,0,13,25,39,78,86,0,13,0,13,0,13,0,13,0,13,0,13,1094,200,986,171,439,151,397,155,42,41,547,151,520,148,27,32,108,82,0,13,71,69,15,24,0,13,22,33,62,37
1400000US13245000200,13245000200,"Census Tract 2, Richmond County, Georgia",2800,448,2783,447,1870,518,469,122,141,72,328,114,165,67,685,282,596,255,0,13,89,102,195,152,152,124,53,52,0,13,0,13,140,115,11,20,0,13,0,13,0,13,0,13,11,20,913,240,634,146,326,140,181,111,145,100,308,106,275,110,33,30,279,164,18,28,177,145,69,71,0,13,15,21,17,12
1400000US13245000300,13245000300,"Census Tract 3, Richmond County, Georgia",932,162,926,162,645,135,194,41,94,44,100,36,85,37,258,74,240,71,0,13,18,20,34,47,12,18,15,23,0,13,20,29,20,21,7,11,0,13,0,13,7,11,0,13,0,13,281,117,238,82,129,50,129,50,0,13,109,73,72,54,37,40,43,47,0,13,0,13,43,47,0,13,0,13,6,7
1400000US13245000600,13245000600,"Census Tract 6, Richmond County, Georgia",2764,495,2121,485,1339,511,388,120,134,75,254,96,182,82,526,196,469,182,0,13,57,90,115,143,0,13,0,13,0,13,0,13,100,117,28,42,0,13,0,13,0,13,0,13,28,42,782,211,588,122,323,116,240,108,83,64,265,88,202,76,63,48,194,128,26,44,95,110,73,55,0,13,0,13,643,152
1400000US13245000700,13245000700,"Census Tract 7, Richmond County, Georgia",1356,473,1338,473,1168,489,235,75,45,26,190,80,132,83,478,278,478,278,0,13,0,13,84,71,61,85,15,23,0,13,0,13,146,136,17,28,0,13,0,13,17,28,0,13,0,13,170,61,166,60,95,45,91,44,4,8,71,38,71,38,0,13,4,8,0,13,0,13,4,8,0,13,0,13,18,17
1400000US13245000900,13245000900,"Census Tract 9, Richmond County, Georgia",1319,241,1143,227,860,223,212,51,54,35,158,43,15,21,444,140,397,169,47,98,0,13,105,74,37,35,34,37,0,13,0,13,13,19,0,13,0,13,0,13,0,13,0,13,0,13,283,94,283,94,102,61,102,61,0,13,181,80,181,80,0,13,0,13,0,13,0,13,0,13,0,13,0,13,176,93
1400000US13245001000,13245001000,"Census Tract 10, Richmond County, Georgia",3400,512,2602,477,1830,512,526,102,246,86,280,94,330,97,792,243,701,229,24,38,67,64,0,13,20,33,16,23,0,13,33,55,0,13,113,166,106,166,0,13,7,11,0,13,0,13,772,169,591,110,214,93,157,84,57,45,377,97,320,86,57,43,181,94,59,68,41,45,56,42,0,13,25,39,798,188
1400000US13245001100,13245001100,"Census Tract 11, Richmond County, Georgia",1914,208,1896,205,1513,203,498,67,351,76,147,53,438,72,536,113,511,114,25,27,0,13,0,13,19,29,15,23,0,13,0,13,0,13,7,12,0,13,0,13,7,12,0,13,0,13,383,116,305,75,150,66,115,61,35,34,155,56,139,54,16,18,78,64,0,13,54,57,12,16,0,13,12,19,18,22
1400000US13245001200,13245001200,"Census Tract 12, Richmond County, Georgia",4630,562,4440,538,3182,620,1027,172,549,146,478,117,589,153,1156,333,1033,301,0,13,123,108,177,130,78,73,10,17,0,13,0,13,127,75,18,30,0,13,0,13,18,30,0,13,0,13,1258,241,1013,163,519,145,404,148,115,81,494,127,467,123,27,25,245,146,0,13,150,114,51,39,0,13,44,39,190,132
1400000US13245001300,13245001300,"Census Tract 13, Richmond County, Georgia",1480,259,1464,259,1122,299,297,80,99,54,198,72,126,50,559,202,539,200,20,18,0,13,81,49,0,13,5,13,0,13,0,13,48,39,6,11,0,13,0,13,6,11,0,13,0,13,342,104,294,94,114,54,99,51,15,16,180,59,163,58,17,18,48,37,8,12,8,14,5,7,0,13,27,30,16,8
1400000US13245001400,13245001400,"Census Tract 14, Richmond County, Georgia",2074,348,2061,349,1610,385,407,96,60,39,347,85,101,52,729,257,700,259,18,26,11,17,35,39,123,86,31,39,0,13,0,13,84,82,100,72,0,13,0,13,18,17,12,20,70,58,451,131,368,93,102,56,95,54,7,10,266,82,201,64,65,54,83,59,9,19,0,13,26,28,37,47,11,17,13,8
1400000US13245001500,13245001500,"Census Tract 15, Richmond County, Georgia",963,221,947,222,620,183,131,38,32,32,99,36,61,31,221,91,221,91,0,13,0,13,84,81,36,45,19,27,0,13,0,13,46,44,22,21,0,13,0,13,22,21,0,13,0,13,327,151,217,74,152,70,103,54,49,48,65,44,65,44,0,13,110,106,58,92,0,13,17,27,0,13,35,55,16,19
1400000US13245001601,13245001601,"Census Tract 16.01, Richmond County, Georgia",3824,498,3819,497,2565,541,876,212,412,218,464,165,460,130,696,290,663,274,33,46,0,13,127,117,43,55,76,76,0,13,23,35,65,104,199,147,0,13,89,110,72,93,0,13,38,58,1254,313,1112,277,500,193,484,194,16,28,612,177,553,173,59,56,142,118,0,13,125,114,0,13,0,13,17,30,5,6
1400000US13245001602,13245001602,"Census Tract 16.02, Richmond County, Georgia",3809,386,3803,385,3252,406,1098,152,644,136,454,157,797,136,1042,220,973,215,69,88,0,13,38,40,15,23,42,56,0,13,0,13,95,89,125,72,24,35,0,13,64,59,0,13,37,40,551,163,468,135,205,85,187,88,18,30,263,103,224,95,39,31,83,59,0,13,34,39,34,36,0,13,15,26,6,6
1400000US13245010101,13245010101,"Census Tract 101.01, Richmond County, Georgia",3709,377,3702,378,3015,413,978,122,421,94,557,102,595,110,1185,286,1032,258,81,87,72,72,85,83,11,18,15,23,64,80,0,13,18,29,64,56,0,13,0,13,38,44,0,13,26,35,687,146,558,100,288,90,267,88,21,23,270,82,229,80,41,31,129,87,45,46,35,57,10,17,0,13,39,58,7,7
1400000US13245010104,13245010104,"Census Tract 101.04, Richmond County, Georgia",3684,432,3613,431,2499,418,793,128,266,85,527,116,398,95,822,197,809,195,13,22,0,13,121,96,80,92,77,43,13,25,0,13,81,120,114,134,0,13,93,131,11,20,0,13,10,17,1114,269,888,172,505,145,402,147,103,72,383,104,336,97,47,49,226,155,0,13,163,147,63,53,0,13,0,13,71,31
1400000US13245010105,13245010105,"Census Tract 101.05, Richmond County, Georgia",4922,525,4812,527,3961,631,1246,165,706,150,540,160,829,167,1301,334,1077,272,34,54,190,173,131,116,0,13,170,135,9,23,0,13,70,61,205,135,46,74,0,13,140,103,0,13,19,34,851,264,706,175,281,113,264,109,17,28,425,150,343,104,82,81,145,116,0,13,42,50,81,89,0,13,22,35,110,63
1400000US13245010106,13245010106,"Census Tract 101.06, Richmond County, Georgia",5695,563,5695,563,3668,670,1167,196,598,173,569,172,706,145,1313,368,1188,327,12,22,113,112,50,69,75,92,62,61,52,63,0,19,156,110,87,81,0,19,30,46,57,67,0,19,0,19,2027,384,1540,215,742,197,537,183,205,130,798,168,704,159,94,62,487,246,19,39,222,157,122,104,0,19,124,124,0,19
1400000US13245010107,13245010107,"Census Tract 101.07, Richmond County, Georgia",2132,264,2132,264,1295,263,421,83,122,56,299,89,212,100,485,159,455,158,30,44,0,13,98,103,23,38,0,13,0,13,13,38,35,51,8,23,0,13,0,13,0,13,0,13,8,23,837,183,790,166,293,147,293,147,0,13,497,136,469,128,28,32,47,52,0,13,47,52,0,13,0,13,0,13,0,13
1400000US13245010201,13245010201,"Census Tract 102.01, Richmond County, Georgia",5241,515,5198,520,4590,571,1507,155,1044,173,463,159,1164,176,1538,317,1391,325,147,106,0,19,59,71,0,19,75,83,0,19,24,39,94,137,129,180,0,19,0,19,55,86,12,21,62,92,608,164,517,132,184,86,138,83,46,43,333,108,310,106,23,30,91,70,20,37,30,46,41,42,0,19,0,19,43,43
1400000US13245010203,13245010203,"Census Tract 102.03, Richmond County, Georgia",4208,380,4183,382,3045,469,993,160,573,152,420,116,536,131,1044,238,954,227,54,79,36,34,147,96,0,13,47,53,0,13,30,40,220,209,28,25,0,13,0,13,28,25,0,13,0,13,1138,276,889,173,586,158,474,138,112,73,303,115,274,109,29,34,249,167,0,13,213,170,36,33,0,13,0,13,25,25
1400000US13245010204,13245010204,"Census Tract 102.04, Richmond County, Georgia",12409,964,10793,924,8437,970,2771,328,1499,267,1272,270,1815,249,3124,455,2951,438,19,30,154,99,79,81,83,105,66,54,83,67,0,21,212,200,204,163,125,157,31,52,48,72,0,21,0,21,2356,394,2051,322,955,321,826,297,129,133,1096,230,982,232,114,72,305,171,20,32,165,119,104,111,0,21,16,27,1616,226
1400000US13245010300,13245010300,"Census Tract 103, Richmond County, Georgia",4854,640,4726,629,3784,688,1054,192,453,133,601,133,357,113,1736,494,1676,491,19,31,41,66,94,70,105,104,16,26,0,13,34,56,285,253,103,74,0,13,30,46,73,61,0,13,0,13,942,253,801,200,391,148,241,123,150,106,410,152,410,152,0,13,141,100,0,13,43,69,98,84,0,13,0,13,128,75
1400000US13245010400,13245010400,"Census Tract 104, Richmond County, Georgia",3905,445,3898,444,3157,438,925,138,234,84,691,131,195,88,1499,334,1485,336,14,24,0,13,143,92,137,117,92,91,11,17,0,13,65,47,90,68,9,17,0,13,81,66,0,13,0,13,741,231,596,119,334,104,283,95,51,52,262,90,246,85,16,18,145,161,0,13,110,164,35,28,0,13,0,13,7,5
1400000US13245010504,13245010504,"Census Tract 105.04, Richmond County, Georgia",6537,799,6523,799,5586,911,1570,246,396,141,1174,250,618,166,2867,542,2623,555,179,216,65,56,243,143,94,116,20,35,0,19,0,19,174,162,0,19,0,19,0,19,0,19,0,19,0,19,937,208,917,209,465,185,450,187,15,23,452,143,452,143,0,19,20,32,0,19,0,19,0,19,0,19,20,32,14,13
1400000US13245010506,13245010506,"Census Tract 105.06, Richmond County, Georgia",4734,566,4723,565,3944,675,1171,166,268,97,903,152,357,100,1729,344,1658,332,40,43,31,31,94,69,48,75,148,176,13,20,31,43,171,113,182,117,14,20,58,92,53,51,0,13,57,53,779,191,673,139,233,87,226,87,7,12,440,120,387,118,53,58,106,99,0,13,106,99,0,13,0,13,0,13,11,10
1400000US13245010507,13245010507,"Census Tract 105.07, Richmond County, Georgia",5591,657,5584,657,4711,685,1267,160,555,172,712,188,588,147,1624,491,1542,469,0,19,82,80,731,277,149,103,58,63,0,19,0,19,164,118,130,86,0,19,0,19,72,59,31,53,27,41,873,250,739,195,285,145,201,122,84,85,454,145,418,139,36,39,134,105,0,19,0,19,94,94,0,19,40,50,7,10
1400000US13245010508,13245010508,"Census Tract 105.08, Richmond County, Georgia",3529,465,3523,465,2766,490,799,131,246,82,553,134,299,84,1317,330,1215,313,26,30,76,74,184,156,26,30,32,35,0,13,11,17,79,80,19,23,0,13,0,13,19,23,0,13,0,13,757,220,622,143,296,138,201,117,95,88,326,106,312,106,14,16,135,116,0,13,13,20,67,76,0,13,55,85,6,8
1400000US13245010509,13245010509,"Census Tract 105.09, Richmond County, Georgia",4538,399,4535,399,3885,465,1250,122,656,100,594,141,711,96,1451,325,1391,326,15,17,45,43,140,90,65,60,23,30,15,24,10,17,113,77,107,82,25,39,11,19,59,60,0,13,12,22,650,255,438,108,127,58,109,57,18,22,311,93,266,79,45,48,212,207,13,19,67,87,10,16,0,13,122,190,3,7
1400000US13245010510,13245010510,"Census Tract 105.10, Richmond County, Georgia",5259,534,5146,535,4605,594,1250,165,493,121,757,137,632,114,2032,301,1937,292,5,10,90,66,381,236,48,51,14,24,7,13,16,27,72,56,153,105,26,35,0,19,45,58,15,23,67,77,541,129,512,122,197,91,187,90,10,17,315,76,302,76,13,15,29,28,0,19,12,19,17,20,0,19,0,19,113,66
1400000US13245010511,13245010511,"Census Tract 105.11, Richmond County, Georgia",3733,411,2820,387,2454,429,613,95,227,81,386,79,227,71,879,253,838,248,0,13,41,46,253,142,54,59,93,74,0,13,0,13,206,189,129,75,0,13,33,42,24,28,0,13,72,72,366,118,277,86,149,76,129,73,20,22,128,54,108,48,20,20,89,75,22,35,44,60,23,22,0,13,0,13,913,169
1400000US13245010512,13245010512,"Census Tract 105.12, Richmond County, Georgia",5275,620,5181,622,4716,672,1148,138,394,117,754,150,496,121,2093,463,1892,458,12,17,189,157,222,132,287,190,45,63,0,19,0,19,246,142,179,126,0,19,56,89,86,89,0,19,37,61,465,195,367,129,223,101,164,79,59,59,144,75,144,75,0,19,98,96,0,19,73,87,12,19,0,19,13,20,94,44
1400000US13245010513,13245010513,"Census Tract 105.13, Richmond County, Georgia",3255,318,3248,319,2923,360,769,92,327,107,442,127,588,117,1250,214,1156,218,0,13,94,135,62,86,0,13,22,38,0,13,0,13,165,139,67,61,0,13,16,28,51,59,0,13,0,13,325,116,276,93,96,63,81,58,15,22,180,82,154,77,26,30,49,47,0,13,20,32,29,33,0,13,0,13,7,5
1400000US13245010600,13245010600,"Census Tract 106, Richmond County, Georgia",4635,539,4608,540,4081,530,1134,138,165,80,969,129,325,134,1685,356,1679,353,0,13,6,14,239,164,115,98,34,38,0,13,0,13,423,301,126,100,24,41,14,25,49,69,0,13,39,51,527,147,479,119,203,100,203,100,0,13,276,94,248,83,28,46,48,77,0,13,48,77,0,13,0,13,0,13,27,16
1400000US13245010706,13245010706,"Census Tract 107.06, Richmond County, Georgia",5183,773,4723,715,4104,759,1144,187,558,177,586,154,533,135,1845,508,1741,515,0,19,104,86,164,87,112,129,25,39,0,19,0,19,61,95,220,119,0,19,0,19,129,84,7,13,84,88,619,195,518,151,258,104,183,82,75,72,260,119,247,117,13,20,101,83,0,19,0,19,101,83,0,19,0,19,460,283
1400000US13245010707,13245010707,"Census Tract 107.07, Richmond County, Georgia",2585,406,2585,406,2183,449,582,105,244,80,338,94,329,98,889,226,839,220,31,37,19,31,85,68,29,54,63,86,5,16,0,13,48,74,153,118,0,13,0,13,44,52,0,13,109,90,402,131,402,131,168,107,168,107,0,13,234,88,234,88,0,13,0,13,0,13,0,13,0,13,0,13,0,13,0,13
1400000US13245010708,13245010708,"Census Tract 107.08, Richmond County, Georgia",6047,783,6029,781,5430,853,1545,172,495,136,1050,163,782,147,2283,590,2115,585,115,149,53,62,312,200,174,183,103,83,91,92,18,30,73,85,49,59,0,19,0,19,21,36,28,45,0,19,599,245,441,144,161,97,85,55,76,85,280,110,240,99,40,38,158,130,77,118,33,54,48,37,0,19,0,19,18,13
1400000US13245010709,13245010709,"Census Tract 107.09, Richmond County, Georgia",6641,665,6636,665,6407,708,1662,112,782,187,880,192,953,143,2954,436,2905,433,0,19,49,46,203,114,184,199,0,19,0,19,0,19,377,260,74,90,0,19,0,19,74,90,0,19,0,19,229,98,229,98,44,28,44,28,0,19,185,90,185,90,0,19,0,19,0,19,0,19,0,19,0,19,0,19,5,6
1400000US13245010710,13245010710,"Census Tract 107.10, Richmond County, Georgia",6362,628,6212,598,5501,655,1360,188,675,199,685,153,851,175,2023,371,1960,368,0,19,63,75,407,331,226,214,13,21,40,48,0,19,258,203,323,131,0,19,43,50,214,128,18,27,48,35,711,189,604,159,314,149,280,147,34,34,290,96,251,88,39,44,107,89,0,19,28,45,39,54,7,11,33,39,150,110
1400000US13245010711,13245010711,"Census Tract 107.11, Richmond County, Georgia",3619,466,3617,466,3322,479,924,136,557,125,367,123,501,149,1306,303,1104,295,36,60,166,153,129,107,28,38,34,55,0,13,0,13,64,63,336,211,31,41,0,13,93,76,0,13,212,174,295,154,260,128,77,59,59,51,18,32,183,110,163,99,20,34,35,46,0,13,22,39,13,23,0,13,0,13,2,2
1400000US13245010712,13245010712,"Census Tract 107.12, Richmond County, Georgia",8400,724,8391,725,7459,825,2076,222,1345,221,731,174,1469,246,2923,522,2789,513,65,64,69,94,239,146,136,139,205,105,19,33,0,19,265,139,127,101,0,19,0,19,50,54,0,19,77,84,932,385,654,195,273,130,201,109,72,82,381,165,369,164,12,21,278,302,0,19,0,19,60,68,0,19,218,234,9,7
1400000US13245010800,13245010800,"Census Tract 108, Richmond County, Georgia",6820,592,3894,369,3802,397,997,102,588,122,409,106,718,123,1926,254,1784,228,28,27,114,71,0,19,21,23,21,34,47,53,0,19,62,64,10,18,0,19,0,19,10,18,0,19,0,19,92,86,65,54,43,41,22,26,21,33,22,35,22,35,0,19,27,43,0,19,27,43,0,19,0,19,0,19,2926,460
1400000US13245010903,13245010903,"Census Tract 109.03, Richmond County, Georgia",4948,457,4914,458,4550,426,1286,154,735,134,551,111,912,154,1753,228,1664,215,25,32,64,53,204,93,47,38,127,87,0,13,27,38,54,67,140,84,0,13,60,57,56,48,0,13,24,30,364,134,284,92,109,65,85,54,24,34,175,67,141,59,34,30,80,66,28,42,27,42,22,25,0,13,3,6,34,61
1400000US13245010904,13245010904,"Census Tract 109.04, Richmond County, Georgia",3410,569,3404,569,3051,588,867,152,516,121,351,132,711,160,1179,274,1020,218,19,22,140,128,143,144,11,18,27,42,18,28,0,13,95,98,0,13,0,13,0,13,0,13,0,13,0,13,353,114,306,95,98,54,88,51,10,17,208,90,167,82,41,39,47,36,0,13,0,13,47,36,0,13,0,13,6,4
1400000US13245010905,13245010905,"Census Tract 109.05, Richmond County, Georgia",5326,726,5283,725,4698,850,1332,212,640,196,692,190,926,184,2065,534,1902,510,10,17,153,143,127,87,57,59,23,55,22,35,0,19,82,90,64,70,0,19,0,19,64,70,0,19,0,19,585,336,401,157,266,147,150,89,116,120,135,90,135,90,0,19,184,214,0,19,0,19,105,112,0,19,79,109,43,19
1400000US13245010906,13245010906,"Census Tract 109.06, Richmond County, Georgia",6668,656,6656,658,6003,733,1857,187,904,157,953,213,1406,180,2249,456,2144,435,0,19,105,101,200,136,105,96,0,19,33,54,0,19,11,21,142,114,0,19,16,25,101,105,0,19,25,38,653,205,501,136,284,123,267,121,17,28,217,97,135,76,82,70,152,114,0,19,77,90,75,75,0,19,0,19,12,8
1400000US13245011000,13245011000,"Census Tract 110, Richmond County, Georgia",1395,197,1202,180,324,147,129,58,75,41,54,32,80,43,43,22,43,22,0,13,0,13,10,18,0,13,14,34,0,13,0,13,48,76,0,13,0,13,0,13,0,13,0,13,0,13,878,122,826,112,298,91,298,91,0,13,528,107,494,107,34,34,52,50,0,13,36,45,16,23,0,13,0,13,193,80
1400000US13247060101,13247060101,"Census Tract 601.01, Rockdale County, Georgia",3503,447,3496,447,3125,512,917,120,491,127,426,108,642,117,1264,300,1132,284,10,15,122,173,76,83,42,51,67,102,0,13,22,27,38,43,57,44,0,13,9,15,48,41,0,13,0,13,371,181,265,96,123,74,75,51,48,54,142,62,134,59,8,12,106,109,0,13,58,62,48,58,0,13,0,13,7,5
1400000US13247060102,13247060102,"Census Tract 601.02, Rockdale County, Georgia",5111,407,5111,407,4523,461,1417,140,689,145,728,153,1076,161,1699,287,1620,270,0,19,79,86,154,123,50,56,20,32,0,19,0,19,95,107,12,20,0,19,0,19,12,20,0,19,0,19,588,167,569,161,321,122,298,117,23,27,248,118,248,118,0,19,19,23,0,19,0,19,19,23,0,19,0,19,0,19
1400000US13247060201,13247060201,"Census Tract 602.01, Rockdale County, Georgia",4828,556,4451,562,4134,585,809,124,440,103,369,90,676,128,1572,339,1512,335,44,54,16,25,224,115,193,184,185,144,0,13,69,57,82,63,324,182,20,17,27,29,50,50,0,13,227,187,317,131,232,89,110,64,104,63,6,10,122,58,108,56,14,16,85,79,0,13,23,27,0,13,0,13,62,69,377,123
1400000US13247060202,13247060202,"Census Tract 602.02, Rockdale County, Georgia",10073,626,10069,625,9168,742,2737,214,1499,233,1238,214,2001,194,3518,424,3423,432,28,44,67,60,320,188,181,114,153,105,69,71,0,21,98,80,91,80,0,21,0,21,15,24,27,43,49,58,901,203,882,195,398,150,385,146,13,20,484,129,484,129,0,21,19,29,0,21,19,29,0,21,0,21,0,21,4,5
1400000US13247060304,13247060304,"Census Tract 603.04, Rockdale County, Georgia",5182,612,5115,611,4136,742,1260,223,620,182,640,139,522,150,1511,368,1391,356,19,32,101,88,331,196,206,161,72,107,4,13,0,19,131,124,99,105,0,19,62,92,14,23,0,19,23,42,979,283,828,189,271,130,231,117,40,50,557,147,490,141,67,81,151,141,0,19,76,115,34,45,0,19,41,66,67,39
1400000US13247060305,13247060305,"Census Tract 603.05, Rockdale County, Georgia",5060,479,5053,480,4321,531,1354,160,539,150,815,167,600,155,1773,274,1773,274,0,19,0,19,245,127,48,44,97,92,0,19,28,37,73,114,103,79,0,19,31,49,72,69,0,19,0,19,732,183,619,152,316,109,293,106,23,24,303,106,254,103,49,49,113,81,0,19,0,19,53,52,0,19,60,64,7,5
1400000US13247060306,13247060306,"Census Tract 603.06, Rockdale County, Georgia",2512,348,2507,348,2150,341,591,92,271,80,320,89,359,67,889,229,767,199,47,67,75,56,39,37,66,76,43,40,7,12,42,48,79,64,35,26,0,13,0,13,15,18,0,13,20,29,357,139,308,97,133,69,92,54,41,61,175,74,175,74,0,13,49,73,0,13,49,73,0,13,0,13,0,13,5,6
1400000US13247060307,13247060307,"Census Tract 603.07, Rockdale County, Georgia",10465,764,10462,764,9700,852,2750,231,1323,201,1427,235,2100,223,3520,473,3254,474,89,74,177,98,493,362,108,78,252,205,94,71,106,70,101,74,176,148,19,36,79,120,23,35,36,59,19,35,762,238,668,199,198,109,148,89,50,75,470,184,424,178,46,38,94,73,0,21,29,37,31,49,0,21,34,40,3,2
1400000US13247060308,13247060308,"Census Tract 603.08, Rockdale County, Georgia",7628,724,7314,739,5932,784,1634,197,790,170,844,180,913,177,2631,400,2154,364,0,19,477,295,139,99,127,104,132,101,0,19,21,35,57,59,278,266,45,69,198,261,35,39,0,19,0,19,1382,351,873,185,367,128,228,98,139,87,506,137,461,135,45,51,509,272,62,95,393,248,54,61,0,19,0,19,314,149
1400000US13247060309,13247060309,"Census Tract 603.09, Rockdale County, Georgia",5944,677,5938,678,5192,732,1341,184,639,128,702,172,737,161,2082,396,1734,388,13,16,335,263,202,118,99,77,76,63,60,84,40,48,212,165,343,167,10,16,0,19,139,92,0,19,194,123,746,319,542,174,236,125,182,103,54,58,306,127,262,117,44,43,204,187,0,19,68,85,74,73,0,19,62,102,6,7
1400000US13247060403,13247060403,"Census Tract 604.03, Rockdale County, Georgia",3311,349,3280,348,2951,379,854,103,494,93,360,98,772,83,1069,245,1015,255,27,23,27,26,40,34,47,48,18,27,28,38,0,13,123,88,0,13,0,13,0,13,0,13,0,13,0,13,329,119,295,103,152,80,143,76,9,15,143,66,122,60,21,25,34,40,0,13,4,29,7,11,4,8,19,31,31,19
1400000US13247060404,13247060404,"Census Tract 604.04, Rockdale County, Georgia",6001,546,6001,546,5456,574,1632,138,812,159,820,135,967,117,2243,370,2116,359,63,62,64,54,107,71,140,100,170,103,30,41,0,19,8,13,159,124,31,50,13,21,56,47,59,99,0,19,545,161,454,115,212,100,193,98,19,19,242,102,173,82,69,91,91,91,12,21,17,27,62,85,0,19,0,19,0,19
1400000US13247060405,13247060405,"Census Tract 604.05, Rockdale County, Georgia",6412,470,6374,470,5655,567,1716,165,1028,171,688,166,1356,150,2008,280,1790,278,64,62,154,108,240,137,19,31,92,75,0,19,47,58,46,44,131,100,21,35,47,60,40,58,23,38,0,19,719,199,557,155,231,119,197,113,34,30,326,118,265,111,61,48,162,87,44,50,54,56,47,32,0,19,17,27,38,13
1400000US13247060406,13247060406,"Census Tract 604.06, Rockdale County, Georgia",5520,515,5520,515,5121,554,1463,126,911,149,552,142,1279,131,1971,308,1788,265,43,36,140,117,88,64,67,65,20,33,0,19,10,18,130,107,93,65,27,28,16,27,17,20,0,19,33,37,399,124,374,116,158,78,138,74,20,24,216,79,210,79,6,12,25,28,0,19,0,19,25,28,0,19,0,19,0,19
1400000US13247060407,13247060407,"Census Tract 604.07, Rockdale County, Georgia",3458,294,3458,294,3153,336,935,97,386,105,549,108,757,104,1135,167,999,147,100,97,36,40,112,88,38,40,46,44,20,31,0,13,40,40,70,61,0,13,13,23,31,30,0,13,26,32,305,99,264,84,151,70,132,68,19,23,113,52,104,50,9,14,41,38,0,13,22,33,19,21,0,13,0,13,0,13
1400000US13249960100,13249960100,"Census Tract 9601, Schley County, Georgia",3145,215,3119,215,2663,262,686,92,254,89,432,97,580,105,1065,196,906,209,140,116,19,18,222,160,20,21,28,24,25,38,9,15,12,19,16,19,0,13,0,13,7,12,0,13,9,16,456,149,381,109,204,75,164,63,40,37,177,68,152,55,25,35,75,58,0,13,0,13,55,48,0,13,20,22,26,16
1400000US13249960200,13249960200,"Census Tract 9602, Schley County, Georgia",1818,215,1818,215,1616,239,485,67,339,70,146,66,367,88,602,141,602,141,0,13,0,13,45,52,0,13,20,31,4,8,0,13,70,96,23,26,0,13,0,13,23,26,0,13,0,13,202,82,200,81,86,54,81,52,5,8,114,60,114,60,0,13,2,3,0,13,0,13,2,3,0,13,0,13,0,13
1400000US13251970200,13251970200,"Census Tract 9702, Screven County, Georgia",1949,419,1891,418,1794,421,476,116,240,76,236,85,358,109,728,232,703,231,5,12,20,33,111,77,45,59,32,30,0,13,0,13,28,32,16,20,0,13,0,13,16,20,0,13,0,13,97,37,94,36,40,25,40,25,0,13,54,27,50,27,4,7,3,5,0,13,0,13,3,5,0,13,0,13,58,20
1400000US13251970300,13251970300,"Census Tract 9703, Screven County, Georgia",3350,363,3019,361,2675,382,719,118,443,103,276,78,574,118,883,213,803,204,0,13,80,90,112,93,161,131,71,70,0,13,0,13,132,107,23,28,0,13,0,13,23,28,0,13,0,13,344,94,340,93,81,48,77,47,4,9,259,80,259,80,0,13,4,9,0,13,0,13,4,9,0,13,0,13,331,148
1400000US13251970400,13251970400,"Census Tract 9704, Screven County, Georgia",4521,405,4507,403,3748,467,1085,159,507,108,578,143,668,101,1376,274,1338,272,38,39,0,13,184,139,151,106,43,57,0,13,0,13,171,164,70,57,0,13,0,13,33,27,0,13,37,53,759,196,665,152,385,114,322,101,63,63,280,77,269,78,11,18,94,76,26,39,46,60,22,21,0,13,0,13,14,20
1400000US13251970500,13251970500,"Census Tract 9705, Screven County, Georgia",2812,365,2809,366,2190,395,508,78,257,57,251,73,347,68,907,214,844,209,4,6,59,59,152,100,15,29,58,50,0,13,0,13,160,138,43,31,14,19,0,13,29,25,0,13,0,13,619,190,389,96,163,63,132,60,31,19,226,81,189,79,37,34,230,144,0,13,122,123,43,37,0,13,65,59,3,3
1400000US13251970600,13251970600,"Census Tract 9706, Screven County, Georgia",1942,328,1940,328,1759,326,449,71,280,65,169,55,335,63,578,168,534,157,0,13,44,44,219,165,83,73,0,13,41,52,12,18,9,15,33,38,0,13,0,13,21,34,0,13,12,20,181,77,136,53,52,39,52,39,0,13,84,39,63,34,21,21,45,44,0,13,0,13,19,23,0,13,26,38,2,2
1400000US13253200100,13253200100,"Census Tract 2001, Seminole County, Georgia",2869,331,2867,332,2560,334,854,116,480,95,374,100,705,111,688,198,616,186,0,13,72,64,54,39,40,39,80,66,0,13,24,29,14,28,101,71,21,31,0,13,10,19,5,7,65,63,307,91,268,78,148,59,131,58,17,24,120,46,109,45,11,15,39,37,0,13,0,13,21,23,0,13,18,27,2,4
1400000US13253200200,13253200200,"Census Tract 2002, Seminole County, Georgia",3523,242,3428,266,2895,336,801,123,343,95,458,95,364,88,1013,176,934,173,18,17,61,47,272,135,199,139,127,83,0,13,7,13,38,34,74,54,0,13,50,58,8,15,0,13,16,22,533,216,360,106,120,67,80,55,40,34,240,76,240,76,0,13,173,158,0,13,0,13,50,49,0,13,123,114,95,74
1400000US13253200300,13253200300,"Census Tract 2003, Seminole County, Georgia",2423,320,2423,320,2121,346,689,123,374,122,315,100,480,121,730,205,678,201,11,19,41,35,90,91,0,13,0,13,0,13,0,13,32,35,100,86,0,13,72,75,28,32,0,13,0,13,302,106,286,99,112,73,112,73,0,13,174,64,154,63,20,33,16,26,0,13,0,13,16,26,0,13,0,13,0,13
1400000US13255160100,13255160100,"Census Tract 1601, Spalding County, Georgia",6295,749,6289,749,5625,814,1501,185,840,177,661,175,975,188,2213,381,1984,356,62,66,167,145,195,131,235,225,241,178,0,19,79,71,104,96,82,72,0,19,3,5,79,72,0,19,0,19,664,299,473,160,356,137,257,108,99,81,117,74,117,74,0,19,191,176,0,19,59,89,56,46,0,19,76,113,6,5
1400000US13255160200,13255160200,"Census Tract 1602, Spalding County, Georgia",5665,510,5663,510,5053,578,1612,176,934,164,678,153,1137,168,1591,311,1373,277,45,38,173,164,269,132,39,46,66,62,47,50,39,64,158,80,95,98,0,19,0,19,58,77,0,19,37,48,610,189,504,144,182,99,153,101,29,33,322,111,275,101,47,43,106,77,20,31,0,19,68,62,0,19,18,27,2,3
1400000US13255160300,13255160300,"Census Tract 1603, Spalding County, Georgia",3175,526,3168,525,2662,523,756,119,327,110,429,140,274,117,1169,309,1052,299,0,13,117,92,168,124,33,40,29,34,0,13,8,13,85,92,140,80,7,11,26,43,78,60,18,27,11,18,506,164,408,117,156,78,131,73,25,38,252,107,218,102,34,36,98,85,10,16,45,68,0,13,0,13,43,50,7,7
1400000US13255160400,13255160400,"Census Tract 1604, Spalding County, Georgia",5999,618,5933,625,5411,673,1518,176,535,144,983,180,621,173,1897,340,1880,340,15,27,2,7,415,211,220,132,148,105,0,19,87,73,332,203,173,97,45,50,0,19,87,83,0,19,41,48,522,176,450,152,107,81,101,82,6,11,343,133,285,130,58,65,72,67,6,16,20,32,36,47,0,19,10,16,66,39
1400000US13255160500,13255160500,"Census Tract 1605, Spalding County, Georgia",7176,610,7048,613,5895,799,1763,240,975,231,788,199,1366,189,2372,545,2030,561,135,109,207,148,69,65,15,27,98,90,0,19,21,33,108,103,83,81,0,19,0,19,9,14,38,61,36,51,1153,401,897,209,336,145,230,115,106,101,561,145,531,142,30,35,256,256,213,246,0,19,27,31,16,34,0,19,128,71
1400000US13255160600,13255160600,"Census Tract 1606, Spalding County, Georgia",4468,475,4466,476,4083,520,1187,130,727,125,460,129,906,110,1244,237,1086,222,80,92,78,48,209,130,31,43,59,46,0,13,30,36,273,188,144,177,0,13,13,20,13,20,0,13,118,175,383,118,344,99,194,86,156,70,38,38,150,58,144,57,6,11,39,34,0,13,9,15,30,31,0,13,0,13,2,2
1400000US13255160700,13255160700,"Census Tract 1607, Spalding County, Georgia",7065,735,6532,708,5647,789,1572,203,666,195,906,196,1102,216,2301,437,2129,451,53,52,119,117,321,171,60,73,82,67,24,37,19,35,79,74,87,77,0,19,17,29,27,34,0,19,43,68,885,220,852,208,330,131,312,125,18,30,522,178,510,174,12,20,33,37,13,22,0,19,20,33,0,19,0,19,533,170
1400000US13255160800,13255160800,"Census Tract 1608, Spalding County, Georgia",4005,637,3988,634,3269,669,798,161,214,97,584,140,215,85,1234,308,1223,303,11,19,0,13,251,144,226,143,56,46,0,13,7,15,334,256,148,102,18,29,47,72,46,57,0,13,37,42,719,174,609,149,256,105,178,102,78,55,353,116,326,111,27,32,110,61,25,26,14,23,43,33,0,13,28,40,17,16
1400000US13255160900,13255160900,"Census Tract 1609, Spalding County, Georgia",2236,324,2232,324,1860,361,567,98,295,74,272,75,350,78,623,179,521,162,0,13,102,99,62,49,67,47,9,13,31,44,30,34,48,31,73,47,15,22,0,13,23,24,6,11,29,28,372,99,323,84,146,68,120,63,26,31,177,59,157,57,20,18,49,37,10,15,0,13,39,36,0,13,0,13,4,4
1400000US13255161000,13255161000,"Census Tract 1610, Spalding County, Georgia",5568,549,5564,548,5204,596,1659,154,917,138,742,173,1181,153,1759,357,1495,313,66,58,198,206,368,139,34,37,68,68,0,19,88,73,6,8,41,49,0,19,0,19,41,49,0,19,0,19,360,164,293,112,158,91,102,61,56,68,135,69,113,65,22,33,67,70,0,19,0,19,67,70,0,19,0,19,4,5
1400000US13255161100,13255161100,"Census Tract 1611, Spalding County, Georgia",4069,344,4066,345,3319,353,1123,132,772,124,351,99,892,120,1041,159,940,159,66,67,35,30,54,55,0,13,27,28,14,23,6,11,98,67,64,55,0,13,16,27,3,16,0,13,45,44,747,177,676,150,258,103,199,97,59,59,418,145,418,145,0,13,71,65,0,13,35,45,36,49,0,13,0,13,3,7
1400000US13255161200,13255161200,"Census Tract 1612, Spalding County, Georgia",8258,755,8054,761,6926,843,2155,236,1178,209,977,216,1439,228,2689,557,2562,549,49,70,78,76,105,99,138,133,100,78,15,26,0,19,285,157,0,19,0,19,0,19,0,19,0,19,0,19,1128,270,1033,242,419,177,345,160,74,83,614,168,596,168,18,28,95,84,0,19,25,39,37,58,0,19,33,50,204,141
1400000US13257970100,13257970100,"Census Tract 9701, Stephens County, Georgia",8162,575,6990,598,6359,600,1841,218,1043,174,798,203,1293,198,2270,406,1891,398,313,223,66,66,344,219,128,114,194,144,0,19,67,71,83,97,139,117,0,19,18,29,9,18,0,19,112,113,631,152,612,142,253,114,253,114,0,19,359,116,339,110,20,33,19,32,0,19,0,19,19,32,0,19,0,19,1172,183
1400000US13257970200,13257970200,"Census Tract 9702, Stephens County, Georgia",5921,593,5913,594,5070,634,1493,244,871,232,622,188,1183,244,1762,365,1638,352,15,24,109,68,206,114,109,101,0,19,70,104,66,86,140,142,41,41,0,19,0,19,41,41,0,19,0,19,843,257,747,233,418,172,391,167,27,29,329,161,243,140,86,79,96,64,0,19,20,35,76,53,0,19,0,19,8,7
1400000US13257970301,13257970301,"Census Tract 9703.01, Stephens County, Georgia",2746,516,2733,518,2111,500,715,187,368,149,347,131,413,153,817,291,781,293,0,13,36,40,78,77,44,44,0,13,0,13,0,13,0,13,44,60,0,13,0,13,27,33,0,13,17,29,622,220,523,170,209,106,159,88,50,56,314,130,306,129,8,13,99,93,35,62,13,22,51,64,0,13,0,13,13,17
1400000US13257970302,13257970302,"Census Tract 9703.02, Stephens County, Georgia",2605,440,2605,440,2088,461,625,158,398,125,227,88,509,151,558,124,558,124,0,13,0,13,164,134,0,13,0,13,58,90,97,92,43,70,34,40,7,11,0,13,27,34,0,13,0,13,517,200,441,158,233,134,178,108,55,60,208,98,191,100,17,27,76,71,0,13,0,13,49,56,0,13,27,51,0,13
1400000US13257970400,13257970400,"Census Tract 9704, Stephens County, Georgia",6569,680,6569,680,5779,669,1765,201,1086,231,679,166,1466,236,1673,331,1582,318,61,64,30,50,226,203,45,60,252,156,3,5,150,178,83,102,116,90,0,19,50,71,32,31,0,19,34,59,790,324,584,169,288,113,227,95,61,79,296,108,282,107,14,13,206,204,2,4,195,206,4,7,0,19,5,10,0,19
1400000US13259950100,13259950100,"Census Tract 9501, Stewart County, Georgia",2677,304,2603,304,2178,328,570,75,237,76,333,56,184,49,1028,253,1005,249,23,29,0,13,160,86,103,68,53,40,0,13,0,13,72,61,8,9,0,13,0,13,8,9,0,13,0,13,425,91,350,70,194,61,161,56,33,28,156,52,126,50,30,27,75,49,0,13,13,22,62,45,0,13,0,13,74,75
1400000US13259950400,13259950400,"Census Tract 9504, Stewart County, Georgia",3314,304,2705,286,2270,336,619,118,288,93,331,77,319,91,825,165,788,167,0,13,37,37,226,138,59,65,56,35,13,20,0,13,82,71,71,55,0,13,0,13,62,50,0,13,9,16,435,112,402,98,218,72,204,69,14,17,184,68,173,68,11,13,33,30,11,18,0,13,22,24,0,13,0,13,609,158
1400000US13261950100,13261950100,"Census Tract 9501, Sumter County, Georgia",1159,188,1159,188,1000,191,241,65,134,42,107,53,172,43,290,119,271,116,4,7,15,18,8,10,14,16,9,10,0,13,29,45,5,8,232,146,192,132,0,13,40,45,0,13,0,13,159,73,135,60,85,50,62,41,23,27,50,37,48,36,2,4,24,25,0,13,0,13,24,25,0,13,0,13,0,13
1400000US13261950200,13261950200,"Census Tract 9502, Sumter County, Georgia",4861,547,4741,548,3926,613,1136,193,426,125,710,171,686,158,1371,282,1350,279,21,33,0,13,263,150,286,194,110,88,0,13,0,13,57,74,17,28,0,13,0,13,17,28,0,13,0,13,815,213,720,179,226,109,184,93,42,51,494,165,481,162,13,22,95,88,0,13,84,85,11,18,0,13,0,13,120,33
1400000US13261950300,13261950300,"Census Tract 9503, Sumter County, Georgia",8014,654,7536,591,6820,588,1826,166,655,146,1171,187,904,165,2977,439,2809,426,36,42,132,113,334,165,261,152,28,45,21,33,26,47,400,193,43,52,0,19,24,41,19,32,0,19,0,19,716,205,629,136,297,110,281,104,16,26,332,112,332,112,0,19,87,131,0,19,25,40,0,19,0,19,62,92,478,255
1400000US13261950400,13261950400,"Census Tract 9504, Sumter County, Georgia",3587,406,3450,413,2942,462,818,114,372,82,446,116,487,97,1213,303,1213,303,0,13,0,13,138,73,95,89,13,16,17,25,22,26,63,46,76,72,0,13,43,65,25,29,0,13,8,12,508,142,456,121,221,104,210,102,11,15,235,78,218,77,17,21,52,55,0,13,36,50,16,20,0,13,0,13,137,52
1400000US13261950500,13261950500,"Census Tract 9505, Sumter County, Georgia",3658,381,3349,368,2667,374,878,113,565,117,313,83,665,126,854,207,774,196,0,13,80,72,108,76,13,24,40,47,15,24,13,31,17,37,64,64,0,13,27,40,37,49,0,13,0,13,682,155,593,121,210,87,176,81,34,37,383,109,349,109,34,36,89,76,0,13,16,26,44,40,0,13,29,38,309,101
1400000US13261950600,13261950600,"Census Tract 9506, Sumter County, Georgia",1999,407,1977,406,1631,379,464,102,257,73,207,85,276,73,589,180,584,182,0,13,5,10,122,108,60,53,36,40,0,13,0,13,57,82,27,22,0,13,8,12,5,9,14,18,0,13,346,127,290,85,96,47,80,43,16,18,194,73,168,64,26,42,56,63,0,13,47,61,9,16,0,13,0,13,22,17
1400000US13261950700,13261950700,"Census Tract 9507, Sumter County, Georgia",6568,597,5808,601,4512,668,1363,211,502,134,861,194,698,157,2005,395,1943,373,4,8,58,79,183,126,89,71,23,32,0,19,0,19,93,93,58,52,22,34,0,19,36,42,0,19,0,19,1296,238,1013,183,525,159,404,154,121,64,488,144,441,140,47,52,283,167,0,19,235,172,48,39,0,19,0,19,760,197
1400000US13261950800,13261950800,"Census Tract 9508, Sumter County, Georgia",2579,402,2579,402,2294,403,722,120,369,91,353,96,528,110,876,228,838,225,5,7,33,52,94,88,6,7,26,31,0,13,3,5,0,13,39,31,0,13,9,15,13,17,0,13,17,20,285,93,266,85,140,66,136,65,4,5,126,53,116,50,10,15,19,20,0,13,5,10,14,17,0,13,0,13,0,13
1400000US13263960100,13263960100,"Census Tract 9601, Talbot County, Georgia",2525,294,2525,294,2256,317,689,122,360,100,329,91,411,101,874,179,744,190,66,41,64,77,178,94,43,40,12,20,0,13,0,13,47,40,2,4,0,13,0,13,2,4,0,13,0,13,269,96,260,95,135,73,135,73,0,13,125,49,118,52,7,12,9,15,0,13,0,13,0,13,0,13,9,15,0,13
1400000US13263960200,13263960200,"Census Tract 9602, Talbot County, Georgia",2784,229,2760,228,2327,274,726,98,220,60,506,96,432,92,770,179,745,181,19,14,6,10,140,94,137,85,41,30,0,13,0,13,65,38,16,15,0,13,8,11,8,10,0,13,0,13,433,141,338,100,170,72,170,72,0,13,168,67,100,49,68,58,95,72,29,39,53,61,13,18,0,13,0,13,24,20
1400000US13263960300,13263960300,"Census Tract 9603, Talbot County, Georgia",1463,250,1463,250,1167,267,425,94,193,69,232,87,292,82,303,120,279,119,0,13,24,19,38,36,0,13,58,54,11,13,0,13,1,4,39,38,0,13,0,13,15,12,0,13,24,34,296,121,242,91,125,71,100,60,25,31,117,56,98,53,19,21,54,50,0,13,26,31,28,39,0,13,0,13,0,13
1400000US13265010200,13265010200,"Census Tract 102, Taliaferro County, Georgia",1674,257,1659,257,1355,264,411,78,199,76,212,54,262,52,448,122,424,125,6,8,18,16,98,102,22,18,27,20,0,13,43,51,35,42,9,13,0,13,5,9,4,8,0,13,0,13,304,90,259,70,119,43,103,40,16,16,140,47,137,46,3,6,45,38,0,13,17,23,8,9,0,13,20,32,15,22
1400000US13267950100,13267950100,"Census Tract 9501, Tattnall County, Georgia",3329,484,3326,484,2846,521,913,152,490,124,423,115,585,130,967,286,964,286,2,3,1,2,85,58,53,51,7,12,0,13,34,34,118,86,84,96,0,13,19,32,19,18,0,13,46,76,480,140,445,122,246,100,230,98,16,25,199,61,189,58,10,17,35,38,0,13,11,17,24,33,0,13,0,13,3,4
1400000US13267950201,13267950201,"Census Tract 9502.01, Tattnall County, Georgia",5358,437,5237,439,4332,514,1236,184,577,171,659,141,720,160,1798,332,1781,330,0,19,17,25,218,139,96,91,62,73,0,19,24,38,118,148,60,66,0,19,13,20,47,65,0,19,0,19,905,287,815,254,310,148,275,146,35,37,505,172,482,161,23,25,90,84,0,19,80,83,10,14,0,19,0,19,121,90
1400000US13267950202,13267950202,"Census Tract 9502.02, Tattnall County, Georgia",6334,672,3708,620,3464,640,895,150,454,122,441,143,671,171,1341,380,1217,365,0,19,124,86,86,79,75,95,11,19,58,57,6,14,70,76,251,173,0,19,31,35,60,51,0,19,160,157,244,103,224,93,110,84,95,81,15,24,114,64,114,64,0,19,20,31,0,19,20,31,0,19,0,19,0,19,2626,233
1400000US13267950300,13267950300,"Census Tract 9503, Tattnall County, Georgia",5045,371,3638,386,3156,414,1116,163,737,178,379,104,763,126,886,215,846,203,24,28,16,25,106,89,42,70,43,60,0,19,13,25,127,109,60,98,60,98,0,19,0,19,0,19,0,19,482,168,416,131,182,102,158,89,24,37,234,84,219,81,15,19,66,70,0,19,0,19,32,39,0,19,34,49,1407,222
1400000US13267950400,13267950400,"Census Tract 9504, Tattnall County, Georgia",4957,538,4952,537,4168,591,1352,183,750,142,602,143,1126,184,1272,303,1124,296,37,53,111,122,122,103,34,55,16,26,0,13,0,13,91,81,155,95,0,13,0,13,61,60,0,13,94,85,784,238,616,177,300,127,234,115,66,55,316,132,235,106,81,78,168,97,0,13,15,27,142,100,0,13,11,18,5,4
1400000US13269950100,13269950100,"Census Tract 9501, Taylor County, Georgia",1697,288,1517,264,1417,271,520,103,296,102,224,87,340,89,467,172,381,156,45,42,41,42,3,12,9,15,16,20,0,13,0,13,0,13,62,59,13,12,0,13,49,57,0,13,0,13,100,62,92,58,39,40,39,40,0,13,53,39,46,38,7,13,8,14,0,13,0,13,8,14,0,13,0,13,180,143
1400000US13269950200,13269950200,"Census Tract 9502, Taylor County, Georgia",2311,272,2248,273,1888,277,748,119,357,115,391,110,436,88,565,167,510,153,0,13,55,84,50,36,22,23,19,22,0,13,3,6,34,30,11,18,0,13,11,18,0,13,0,13,0,13,360,94,340,85,159,65,157,65,2,4,181,57,164,56,17,18,20,28,3,7,0,13,3,6,0,13,14,26,63,43
1400000US13269950300,13269950300,"Census Tract 9503, Taylor County, Georgia",4692,398,4558,394,3951,422,1264,198,633,146,631,147,771,184,1434,312,1417,313,0,13,17,33,278,153,19,29,17,19,0,13,0,13,110,84,58,46,0,13,0,13,49,50,0,13,9,17,607,154,563,122,184,62,179,63,5,9,379,113,327,97,52,76,44,57,0,13,0,13,44,57,0,13,0,13,134,57
1400000US13271950100,13271950100,"Census Tract 9501, Telfair County, Georgia",12149,366,8482,629,7143,586,2612,337,1576,322,1036,216,1809,238,2257,344,2110,332,0,21,147,93,189,149,50,46,59,56,4,9,18,27,56,40,89,70,0,21,42,44,47,60,0,21,0,21,1339,254,1210,228,420,179,378,170,42,43,790,157,752,157,38,35,129,114,15,21,0,21,59,52,0,21,55,86,3667,619
1400000US13271950200,13271950200,"Census Tract 9502, Telfair County, Georgia",1323,237,1267,233,944,212,414,88,239,83,175,73,245,75,196,83,192,81,0,13,4,6,25,23,4,11,3,6,3,5,0,13,0,13,54,44,0,13,5,14,31,32,18,29,0,13,323,141,282,117,154,89,113,77,41,55,128,75,121,72,7,11,41,46,0,13,17,33,24,31,0,13,0,13,56,101
1400000US13271950500,13271950500,"Census Tract 9505, Telfair County, Georgia",2840,329,2764,327,2342,352,868,161,476,149,392,114,570,140,675,184,660,182,0,13,15,17,59,55,120,111,8,14,6,10,0,13,0,13,36,42,0,13,0,13,36,42,0,13,0,13,422,128,401,117,148,66,126,58,22,34,253,89,247,87,6,11,21,23,0,13,10,17,11,14,0,13,0,13,76,36
1400000US13273120200,13273120200,"Census Tract 1202, Terrell County, Georgia",1678,199,1672,199,1424,202,414,70,204,44,210,56,362,54,466,119,416,115,35,36,15,17,76,66,5,6,9,15,5,8,16,18,53,39,18,17,0,13,0,13,12,15,0,13,6,11,248,84,218,71,85,43,77,40,8,13,133,69,120,67,13,18,30,32,0,13,0,13,21,20,0,13,9,16,6,11
1400000US13273120300,13273120300,"Census Tract 1203, Terrell County, Georgia",3115,342,3115,342,2893,332,838,123,313,112,525,107,322,96,1191,223,1028,221,101,106,62,63,166,92,121,96,69,51,0,13,40,67,92,67,54,49,0,13,0,13,54,49,0,13,0,13,222,81,222,81,84,56,84,56,0,13,138,54,138,54,0,13,0,13,0,13,0,13,0,13,0,13,0,13,0,13
1400000US13273120400,13273120400,"Census Tract 1204, Terrell County, Georgia",3148,323,2772,332,2343,383,772,135,304,87,468,120,436,93,694,180,694,180,0,13,0,13,173,99,3,9,99,76,0,13,0,13,70,56,96,59,0,13,0,13,82,52,14,22,0,13,429,105,414,103,240,100,219,103,21,25,174,68,174,68,0,13,15,17,0,13,0,13,15,17,0,13,0,13,376,138
1400000US13273120500,13273120500,"Census Tract 1205, Terrell County, Georgia",1424,167,1423,167,1252,166,335,51,175,47,160,46,298,58,403,122,334,114,64,42,5,8,42,30,47,42,30,27,0,13,0,13,84,86,13,12,6,10,0,13,0,13,0,13,7,7,171,50,158,44,114,42,97,40,17,20,44,23,44,23,0,13,13,15,0,13,0,13,13,15,0,13,0,13,1,2
1400000US13275960100,13275960100,"Census Tract 9601, Thomas County, Georgia",1418,218,1415,218,1188,219,362,51,202,62,160,45,220,54,445,151,407,141,0,13,38,31,18,17,23,30,0,13,0,13,0,13,88,43,32,25,0,13,0,13,28,24,0,13,4,7,227,60,210,57,88,36,82,36,6,7,122,41,113,41,9,11,17,14,0,13,0,13,17,14,0,13,0,13,3,3
1400000US13275960200,13275960200,"Census Tract 9602, Thomas County, Georgia",4351,389,4336,389,3767,416,1067,105,547,112,520,108,750,116,1327,195,1226,210,6,11,95,64,216,128,28,28,41,31,72,77,61,74,70,55,135,86,0,13,0,13,72,59,0,13,63,65,569,140,469,105,260,89,233,83,27,29,209,78,148,57,61,49,100,62,14,22,25,38,47,48,0,13,14,22,15,13
1400000US13275960300,13275960300,"Census Tract 9603, Thomas County, Georgia",2105,335,2105,335,1697,354,530,83,233,61,297,76,366,65,538,179,501,160,15,24,22,22,66,65,46,48,23,23,0,13,22,33,50,54,56,45,3,5,0,13,31,34,0,13,22,24,408,120,350,101,238,89,207,92,31,40,112,43,106,41,6,8,58,62,0,13,54,63,4,6,0,13,0,13,0,13
1400000US13275960400,13275960400,"Census Tract 9604, Thomas County, Georgia",2758,271,2758,271,2490,287,718,84,378,77,340,77,533,74,904,195,872,195,7,10,25,29,101,59,76,58,25,34,0,13,0,13,67,53,66,62,0,13,5,10,30,41,31,47,0,13,268,70,259,68,146,56,142,56,4,6,113,47,109,47,4,6,9,11,5,9,0,13,4,7,0,13,0,13,0,13
1400000US13275960500,13275960500,"Census Tract 9605, Thomas County, Georgia",6459,473,6381,472,5338,543,1611,196,785,176,826,174,1101,201,1986,300,1836,319,28,44,122,107,387,198,60,56,46,44,48,58,45,60,18,30,36,47,0,19,0,19,0,19,0,19,36,47,1043,222,943,192,393,146,350,132,43,56,550,148,502,150,48,59,100,89,0,19,21,39,54,59,0,19,25,40,78,29
1400000US13275960600,13275960600,"Census Tract 9606, Thomas County, Georgia",5279,591,5088,591,4028,672,1395,246,546,117,849,225,965,168,1431,420,1361,411,70,96,0,19,115,78,0,19,36,57,0,19,37,34,24,39,25,41,0,19,0,19,25,41,0,19,0,19,1060,249,952,222,289,128,244,120,45,44,663,187,631,180,32,37,108,83,0,19,60,67,48,49,0,19,0,19,191,77
1400000US13275960700,13275960700,"Census Tract 9607, Thomas County, Georgia",5577,692,5506,685,4385,759,1306,225,509,135,797,182,761,164,1831,434,1708,415,46,52,77,70,142,103,126,97,24,37,24,31,0,19,48,80,123,88,12,20,32,33,36,38,0,19,43,62,1121,276,1040,246,546,182,474,165,72,73,494,160,494,160,0,19,81,72,0,19,16,26,65,60,0,19,0,19,71,67
1400000US13275960800,13275960800,"Census Tract 9608, Thomas County, Georgia",6155,590,5927,584,5003,652,1391,176,704,129,687,151,858,131,1940,400,1761,413,43,72,136,107,343,248,136,113,22,30,0,19,37,32,175,147,101,69,0,19,42,53,29,36,0,19,30,37,924,196,836,174,352,133,352,133,0,19,484,137,413,130,71,64,88,83,0,19,9,15,79,83,0,19,0,19,228,76
1400000US13275960900,13275960900,"Census Tract 9609, Thomas County, Georgia",3497,388,3332,388,2867,409,963,131,471,143,492,138,579,136,898,233,865,234,18,28,15,26,172,127,49,43,46,52,9,15,18,24,122,140,11,16,0,13,0,13,11,16,0,13,0,13,465,149,415,131,124,73,124,73,0,13,291,113,264,108,27,28,50,49,14,23,0,13,10,16,0,13,26,39,165,95
1400000US13275961000,13275961000,"Census Tract 9610, Thomas County, Georgia",4357,397,4087,392,3560,451,1136,149,658,158,478,109,882,155,1189,221,1084,224,33,34,72,113,122,79,29,29,26,31,26,22,49,60,63,76,38,30,8,13,0,13,30,27,0,13,0,13,527,203,385,120,232,92,181,90,51,45,153,81,120,68,33,44,142,122,0,13,133,123,9,16,0,13,0,13,270,99
1400000US13275961100,13275961100,"Census Tract 9611, Thomas County, Georgia",2759,313,2726,309,2176,340,654,89,286,66,368,90,463,75,697,165,607,163,34,21,56,53,154,126,21,18,47,39,0,13,14,20,64,64,62,82,0,13,0,13,0,13,62,82,0,13,550,121,470,92,272,80,221,70,51,32,198,57,191,56,7,8,80,51,0,13,35,35,27,24,0,13,18,21,33,20
1400000US13277960100,13277960100,"Census Tract 9601, Tift County, Georgia",2178,263,2139,259,1936,271,594,94,446,88,148,65,534,100,597,146,522,136,10,16,65,59,134,94,0,13,0,13,22,36,13,21,16,23,26,28,0,13,15,26,11,21,0,13,0,13,203,88,203,88,91,63,91,63,0,13,112,61,112,61,0,13,0,13,0,13,0,13,0,13,0,13,0,13,39,35
1400000US13277960200,13277960200,"Census Tract 9602, Tift County, Georgia",2945,367,2945,367,2660,371,752,101,517,98,235,73,502,80,1141,234,1050,230,0,13,91,69,94,80,34,43,37,35,11,17,0,13,34,38,55,33,5,8,0,13,50,29,0,13,0,13,285,85,215,59,82,40,59,37,23,23,133,51,121,51,12,11,70,48,12,21,26,41,18,14,0,13,14,14,0,13
1400000US13277960300,13277960300,"Census Tract 9603, Tift County, Georgia",6926,549,5907,534,4790,571,1478,198,718,170,760,172,1033,187,1903,391,1663,404,0,19,240,146,0,19,61,91,92,95,0,19,0,19,63,77,160,133,0,19,0,19,113,84,0,19,47,60,1117,260,967,203,263,110,236,104,27,37,704,172,647,165,57,48,150,108,39,64,28,47,44,47,0,19,39,59,1019,285
1400000US13277960400,13277960400,"Census Tract 9604, Tift County, Georgia",6714,528,6561,534,5581,590,1526,190,787,175,739,181,861,183,2132,369,2097,364,5,33,30,37,180,118,28,49,271,175,0,19,66,87,235,184,282,158,0,19,0,19,143,94,92,125,47,55,980,264,761,187,290,133,204,108,86,77,471,145,424,141,47,43,219,133,148,126,0,19,36,33,0,19,35,54,153,83
1400000US13277960500,13277960500,"Census Tract 9605, Tift County, Georgia",4379,404,4379,404,3882,421,1266,126,893,130,373,90,1113,134,1286,275,1210,264,23,34,53,50,73,54,26,41,16,26,0,13,0,13,50,74,52,37,0,13,16,23,30,36,0,13,6,13,497,142,421,119,186,81,138,74,48,32,235,88,227,89,8,13,76,51,0,13,0,13,45,28,0,13,31,35,0,13
1400000US13277960600,13277960600,"Census Tract 9606, Tift County, Georgia",5444,647,5395,646,4346,714,1059,187,258,121,801,187,502,157,1938,385,1913,389,0,19,25,41,314,180,123,131,109,100,0,19,2,30,184,210,115,93,0,19,0,19,49,73,0,19,66,99,1049,262,842,202,301,118,225,98,76,77,541,178,492,177,49,44,207,139,0,19,68,79,50,46,0,19,89,102,49,18
1400000US13277960700,13277960700,"Census Tract 9607, Tift County, Georgia",5484,641,5240,624,4748,652,1230,167,663,140,567,129,688,156,2129,444,1940,388,13,20,176,237,193,175,59,93,34,42,17,28,0,19,318,174,80,67,0,19,0,19,25,26,0,19,55,62,492,131,439,119,225,98,189,99,36,30,214,86,214,86,0,19,53,46,0,19,12,19,30,29,0,19,11,18,244,119
1400000US13277960800,13277960800,"Census Tract 9608, Tift County, Georgia",2772,408,2762,409,2482,435,640,98,324,99,316,70,497,117,903,206,885,202,4,6,14,17,150,110,0,13,14,24,0,13,0,13,146,139,132,155,0,13,0,13,32,31,0,13,100,148,280,114,242,97,160,90,126,84,34,32,82,48,82,48,0,13,38,37,0,13,15,25,23,30,0,13,0,13,10,19
1400000US13277960900,13277960900,"Census Tract 9609, Tift County, Georgia",3588,445,3588,445,3269,451,832,112,437,117,395,111,606,94,1375,260,1216,258,56,57,103,77,110,86,16,28,104,94,0,13,29,43,136,131,61,63,0,13,0,13,7,13,0,13,54,62,319,101,292,86,74,45,63,41,11,16,218,80,218,80,0,13,27,37,0,13,10,16,5,9,0,13,12,23,0,13
1400000US13279970100,13279970100,"Census Tract 9701, Toombs County, Georgia",4804,574,4791,574,4251,640,1181,199,605,160,576,170,1033,195,1796,331,1589,334,48,73,159,92,86,59,17,22,20,24,0,13,10,17,81,79,27,33,0,13,0,13,15,26,12,20,0,13,540,223,448,147,175,92,153,85,22,33,273,114,262,111,11,18,92,122,0,13,80,121,12,19,0,13,0,13,13,20
1400000US13279970200,13279970200,"Census Tract 9702, Toombs County, Georgia",5509,588,5220,601,4361,691,1336,225,603,177,733,172,785,197,1694,374,1662,374,0,19,32,35,287,221,0,19,126,111,28,32,0,19,92,88,13,21,0,19,0,19,13,21,0,19,0,19,859,241,805,224,218,114,176,102,42,63,587,202,587,202,0,19,54,71,0,19,0,19,54,71,0,19,0,19,289,144
1400000US13279970300,13279970300,"Census Tract 9703, Toombs County, Georgia",5363,515,5335,516,4767,541,1555,182,1115,199,440,149,1132,121,1640,330,1429,327,122,117,89,68,152,125,146,96,90,100,0,19,0,19,52,58,0,19,0,19,0,19,0,19,0,19,0,19,568,139,538,128,94,70,83,69,11,18,444,124,434,121,10,16,30,34,0,19,0,19,30,34,0,19,0,19,28,13
1400000US13279970400,13279970400,"Census Tract 9704, Toombs County, Georgia",4603,457,4572,459,3793,534,1180,157,517,137,663,137,802,156,1452,288,1395,289,27,40,30,34,214,161,26,33,19,30,0,13,0,13,26,40,74,77,0,13,0,13,56,59,0,13,18,30,779,200,628,148,330,113,269,111,61,48,298,104,283,103,15,25,151,113,0,13,0,13,63,56,0,13,88,89,31,27
1400000US13279970500,13279970500,"Census Tract 9705, Toombs County, Georgia",3687,501,3601,502,3136,533,1020,156,649,153,371,125,738,129,1127,318,1095,319,0,13,32,44,63,50,21,32,0,13,8,13,9,13,110,102,40,44,0,13,0,13,40,44,0,13,0,13,465,145,414,129,206,97,155,88,51,53,208,98,208,98,0,13,51,51,0,13,26,34,25,37,0,13,0,13,86,33
1400000US13279970600,13279970600,"Census Tract 9706, Toombs County, Georgia",3304,435,3271,440,2823,462,841,129,554,133,287,110,696,130,879,231,842,226,22,25,15,19,211,134,42,44,45,62,0,13,0,13,78,77,31,29,0,13,19,25,5,10,0,13,7,10,448,154,413,138,234,131,219,125,15,26,179,83,173,83,6,9,35,46,0,13,35,46,0,13,0,13,0,13,33,34
1400000US13281960100,13281960100,"Census Tract 9601, Towns County, Georgia",3444,325,2806,269,2359,280,827,135,610,123,217,77,736,126,616,162,560,145,38,34,18,32,104,107,0,13,27,27,6,12,0,13,11,17,32,26,4,8,21,25,7,12,0,13,0,13,447,129,409,121,133,80,122,78,11,14,276,83,255,81,21,20,38,29,0,13,0,13,30,23,0,13,8,14,638,164
1400000US13281960200,13281960200,"Census Tract 9602, Towns County, Georgia",2615,273,2615,273,2216,273,884,118,622,111,262,79,771,117,474,166,390,125,53,65,31,50,35,54,10,18,6,14,0,13,0,13,0,13,36,45,0,13,0,13,36,45,0,13,0,13,399,127,387,122,129,62,114,59,15,25,258,101,258,101,0,13,12,20,0,13,0,13,12,20,0,13,0,13,0,13
1400000US13281960300,13281960300,"Census Tract 9603, Towns County, Georgia",4432,337,4310,317,3446,377,1227,168,801,155,426,134,1047,170,830,168,782,169,14,22,34,35,88,69,19,22,60,53,9,16,5,8,2,4,159,125,0,13,75,95,3,5,0,13,81,80,864,198,749,158,310,116,282,114,28,30,439,88,393,90,46,39,115,85,51,61,7,11,53,43,0,13,4,7,122,91
1400000US13283960100,13283960100,"Census Tract 9601, Treutlen County, Georgia",1186,263,1186,263,998,259,348,85,214,63,134,65,250,72,327,143,297,137,0,13,30,33,12,16,19,26,42,47,0,13,0,13,0,13,0,13,0,13,0,13,0,13,0,13,0,13,188,89,188,89,107,73,107,73,0,13,81,55,81,55,0,13,0,13,0,13,0,13,0,13,0,13,0,13,0,13
1400000US13283960200,13283960200,"Census Tract 9602, Treutlen County, Georgia",5665,263,5210,291,4431,422,1147,155,616,153,531,153,825,157,1672,299,1547,325,68,85,57,51,407,227,10,21,121,95,10,16,32,50,143,104,64,61,0,19,0,19,49,56,15,24,0,19,779,303,666,224,312,180,276,172,36,50,354,105,336,101,18,24,113,155,0,19,6,9,53,69,0,19,54,88,455,143
1400000US13285960100,13285960100,"Census Tract 9601, Troup County, Georgia",5961,423,5896,419,5357,440,1594,147,657,137,937,144,1026,158,1961,318,1892,303,18,18,51,43,296,108,99,89,97,82,0,19,61,46,138,88,85,53,6,12,8,13,42,33,3,5,26,32,539,151,458,111,195,90,150,78,45,54,263,99,230,92,33,34,81,63,0,19,16,20,65,60,0,19,0,19,65,43
1400000US13285960201,13285960201,"Census Tract 9602.01, Troup County, Georgia",2991,270,2985,270,2773,295,893,89,662,91,231,70,733,84,923,174,810,184,71,57,42,54,60,45,10,16,54,40,0,13,23,24,39,38,38,27,10,15,0,13,20,22,8,14,0,13,212,85,196,76,84,47,84,47,0,13,112,56,100,58,12,19,16,25,0,13,16,25,0,13,0,13,0,13,6,5
1400000US13285960202,13285960202,"Census Tract 9602.02, Troup County, Georgia",1922,193,1922,193,1750,201,547,70,354,68,193,70,528,72,510,102,475,99,0,13,35,40,52,52,40,40,8,14,0,13,0,13,48,46,17,22,0,13,0,13,11,13,0,13,6,10,172,70,145,60,85,48,73,46,12,15,60,36,51,32,9,16,27,26,0,13,12,18,15,18,0,13,0,13,0,13
1400000US13285960300,13285960300,"Census Tract 9603, Troup County, Georgia",4599,357,4116,328,3631,386,1124,111,744,124,380,88,888,123,1321,240,1217,227,91,79,13,23,76,60,27,30,59,55,14,23,33,31,21,22,68,64,0,13,0,13,68,64,0,13,0,13,485,124,460,109,172,75,150,73,22,32,288,70,288,70,0,13,25,37,0,13,0,13,25,37,0,13,0,13,483,183
1400000US13285960400,13285960400,"Census Tract 9604, Troup County, Georgia",6351,611,6337,609,5268,610,1741,212,767,167,974,232,1047,192,1851,394,1466,300,136,124,249,272,10,16,69,61,191,113,36,33,73,102,199,151,51,75,0,19,0,19,51,75,0,19,0,19,1069,268,844,186,458,161,370,161,88,80,386,116,327,112,59,59,225,163,20,38,128,160,61,65,0,19,16,25,14,11
1400000US13285960501,13285960501,"Census Tract 9605.01, Troup County, Georgia",4843,485,4839,486,4161,487,1203,125,425,115,778,134,564,112,1625,350,1484,367,29,34,112,129,233,193,193,104,100,78,28,28,0,13,67,55,148,86,25,25,0,13,78,55,0,13,45,55,678,162,483,98,230,83,131,69,99,47,253,85,234,85,19,24,195,108,0,13,130,94,31,26,0,13,34,54,4,3
1400000US13285960502,13285960502,"Census Tract 9605.02, Troup County, Georgia",6806,586,6714,588,5736,688,1801,194,855,163,946,167,1157,189,2261,420,2017,444,39,47,205,179,294,211,12,22,17,27,16,28,17,25,67,95,94,69,0,19,0,19,70,63,0,19,24,28,978,230,788,170,303,123,237,117,66,50,485,138,397,121,88,63,190,106,57,58,34,45,99,80,0,19,0,19,92,69
1400000US13285960600,13285960600,"Census Tract 9606, Troup County, Georgia",5577,537,5345,514,4679,560,1394,161,522,124,872,144,628,114,2078,396,2017,382,0,19,61,58,200,120,40,31,67,56,26,29,8,14,138,95,100,65,0,19,5,20,95,63,0,19,0,19,666,183,554,133,199,93,170,84,29,32,355,105,295,85,60,50,112,76,53,49,24,38,35,37,0,19,0,19,232,96
1400000US13285960700,13285960700,"Census Tract 9607, Troup County, Georgia",6077,543,5329,515,4843,561,1445,174,676,132,769,184,925,173,1770,316,1681,322,4,20,85,62,178,108,96,54,93,81,0,19,21,32,213,143,102,77,0,19,12,20,64,66,0,19,26,29,486,131,452,120,101,60,101,60,0,19,351,107,337,109,14,22,34,55,0,19,0,19,0,19,0,19,34,55,748,181
1400000US13285960800,13285960800,"Census Tract 9608, Troup County, Georgia",3414,336,3354,331,2673,357,759,112,192,74,567,101,240,72,1203,190,1176,183,21,32,6,14,247,141,74,64,59,49,0,13,13,20,14,19,64,48,23,37,11,19,30,29,0,13,0,13,681,161,632,139,318,118,311,117,7,11,314,79,283,80,31,48,49,62,0,13,38,59,6,10,0,13,5,12,60,74
1400000US13285960901,13285960901,"Census Tract 9609.01, Troup County, Georgia",3360,413,3216,396,2425,441,792,128,241,81,551,142,339,99,944,287,891,293,0,13,53,81,31,48,59,74,60,45,0,13,4,16,94,82,102,85,17,27,0,13,59,61,0,13,26,38,791,199,637,148,187,79,150,71,37,32,450,140,399,137,51,50,154,112,0,13,51,58,28,25,0,13,75,91,144,90
1400000US13285960902,13285960902,"Census Tract 9609.02, Troup County, Georgia",6698,529,6677,527,6072,562,1860,162,1061,194,799,178,1480,170,2133,287,1869,253,53,49,211,120,158,125,127,86,44,45,0,19,0,19,46,42,224,281,68,91,0,19,47,60,71,111,38,60,605,193,516,155,285,122,243,106,42,37,231,92,197,89,34,40,89,63,0,19,43,48,46,47,0,19,0,19,21,27
1400000US13285961000,13285961000,"Census Tract 9610, Troup County, Georgia",5614,530,5598,530,4708,592,1492,181,702,175,790,192,996,179,1773,358,1722,347,0,19,51,62,131,93,50,55,38,43,0,19,0,19,81,66,147,116,0,19,0,19,71,68,0,19,76,109,890,285,794,249,447,181,385,170,62,70,347,157,327,159,20,27,96,86,0,19,0,19,33,34,0,19,63,80,16,15
1400000US13285961100,13285961100,"Census Tract 9611, Troup County, Georgia",2933,351,2933,351,2780,367,812,88,448,103,364,102,648,87,1082,285,1048,286,8,15,26,42,125,72,11,14,36,34,0,13,32,36,0,13,34,33,16,25,0,13,18,22,0,13,0,13,153,71,138,62,64,45,64,45,0,13,74,40,66,39,8,10,15,20,0,13,10,18,5,8,0,13,0,13,0,13
1400000US13287970200,13287970200,"Census Tract 9702, Turner County, Georgia",5486,314,5421,308,4472,337,1194,182,456,131,738,165,592,141,1740,280,1671,283,27,44,42,68,304,189,59,73,47,48,0,19,41,64,408,245,87,66,10,20,0,19,77,63,0,19,0,19,949,220,835,185,407,136,394,140,13,24,428,130,390,129,38,43,114,101,62,72,0,19,12,19,0,19,40,66,65,40
1400000US13287970300,13287970300,"Census Tract 9703, Turner County, Georgia",3348,314,3081,311,2814,328,796,124,372,86,424,113,606,114,1097,207,1037,219,1,3,59,70,152,80,76,62,32,41,0,13,31,38,23,31,1,2,0,13,0,13,1,2,0,13,0,13,267,89,256,85,98,59,98,59,0,13,158,68,147,64,11,15,11,14,0,13,4,7,7,12,0,13,0,13,267,121
1400000US13289060100,13289060100,"Census Tract 601, Twiggs County, Georgia",4722,415,4611,402,4016,463,1127,170,510,115,617,165,864,157,1417,276,1342,268,39,36,36,59,168,121,45,48,151,113,116,140,0,13,89,73,39,56,0,13,0,13,19,26,0,13,20,50,595,160,528,146,233,108,203,100,30,31,295,89,290,89,5,8,67,51,0,13,10,15,16,26,0,13,41,46,111,92
1400000US13289060200,13289060200,"Census Tract 602, Twiggs County, Georgia",4262,415,4262,415,3766,447,972,148,533,112,439,117,654,122,1470,300,1387,305,60,76,23,36,301,132,150,90,11,19,0,13,0,13,126,103,82,63,7,13,0,13,75,62,0,13,0,13,496,139,417,111,233,92,213,92,20,30,184,65,171,62,13,15,79,71,0,13,68,67,11,13,0,13,0,13,0,13
1400000US13291000101,13291000101,"Census Tract 1.01, Union County, Georgia",2791,446,2791,446,2448,445,886,154,530,156,356,138,798,150,612,263,597,261,6,12,9,18,56,70,0,13,37,42,5,9,25,41,21,30,8,13,0,13,0,13,8,13,0,13,0,13,343,127,317,120,146,85,146,85,0,13,171,79,137,83,34,35,26,28,0,13,12,18,14,22,0,13,0,13,0,13
1400000US13291000102,13291000102,"Census Tract 1.02, Union County, Georgia",4895,518,4879,518,4443,547,1728,231,1088,182,640,198,1355,211,922,273,859,252,24,39,39,50,122,77,27,58,67,83,6,10,8,19,30,50,178,184,0,13,0,13,119,140,0,13,59,85,436,219,350,155,95,50,73,46,22,27,255,141,169,96,86,100,86,89,0,13,8,16,78,89,0,13,0,13,16,29
1400000US13291000201,13291000201,"Census Tract 2.01, Union County, Georgia",2492,385,2481,385,2045,392,734,126,415,108,319,100,688,115,514,194,481,195,0,13,33,41,0,13,17,22,4,8,20,24,24,30,38,48,6,11,0,13,0,13,0,13,0,13,6,11,436,143,375,108,108,68,76,58,32,34,267,89,238,78,29,29,61,55,4,7,0,13,46,44,11,25,0,13,11,10
1400000US13291000203,13291000203,"Census Tract 2.03, Union County, Georgia",2168,363,2168,363,1988,359,713,161,532,153,181,110,668,146,539,190,412,204,0,13,127,84,15,21,3,7,4,7,10,16,5,9,5,8,26,46,0,13,0,13,6,10,0,13,20,36,180,89,176,87,46,37,46,37,0,13,130,74,123,74,7,11,4,8,0,13,4,8,0,13,0,13,0,13,0,13
1400000US13291000204,13291000204,"Census Tract 2.04, Union County, Georgia",3325,492,3325,492,2948,514,1046,205,680,207,366,137,912,160,750,306,750,306,0,13,0,13,39,35,35,40,36,48,29,53,0,13,46,75,55,59,0,13,0,13,0,13,0,13,55,59,377,148,343,132,206,120,206,120,0,13,137,100,68,49,69,84,34,41,0,13,13,22,0,13,0,13,21,32,0,13
1400000US13291000205,13291000205,"Census Tract 2.05, Union County, Georgia",5673,588,5336,597,4178,649,1540,254,1044,220,496,192,1382,234,1070,353,997,335,45,77,28,33,123,112,5,8,21,25,0,19,20,29,3,5,14,19,0,19,7,14,7,12,0,19,0,19,1158,277,1128,259,427,143,427,143,0,19,701,207,654,195,47,67,30,47,30,47,0,19,0,19,0,19,0,19,337,132
1400000US13293010100,13293010100,"Census Tract 101, Upson County, Georgia",2941,320,2941,320,2608,342,848,117,521,100,327,104,711,110,789,182,690,167,19,20,80,68,124,72,60,64,20,23,0,13,4,7,25,28,27,30,0,13,0,13,6,10,0,13,21,24,333,106,296,86,108,51,100,48,8,13,188,64,175,63,13,21,37,41,0,13,24,35,0,13,0,13,13,22,0,13
1400000US13293010201,13293010201,"Census Tract 102.01, Upson County, Georgia",4951,440,4816,433,4282,491,1286,154,482,101,804,153,772,138,1512,298,1462,302,32,46,18,19,316,145,131,120,57,43,0,13,39,44,151,107,18,20,0,13,0,13,18,20,0,13,0,13,534,184,454,136,202,95,187,92,15,25,252,99,222,93,30,39,80,87,0,13,25,39,30,38,0,13,25,39,135,82
1400000US13293010202,13293010202,"Census Tract 102.02, Upson County, Georgia",3188,336,3178,337,2781,377,878,106,577,119,301,89,736,124,914,189,813,147,0,13,101,90,78,96,9,15,32,34,36,51,0,13,46,36,52,52,0,13,0,13,52,52,0,13,0,13,397,142,320,108,145,58,111,49,34,36,175,89,144,86,31,39,77,54,0,13,17,25,60,45,0,13,0,13,10,10
1400000US13293010300,13293010300,"Census Tract 103, Upson County, Georgia",3529,367,3513,362,3248,378,1039,107,650,110,389,114,889,93,852,175,761,152,15,24,76,86,231,114,9,13,10,18,0,13,27,29,114,130,77,78,0,13,0,13,19,25,47,73,11,19,265,82,250,76,115,48,106,47,9,13,135,49,128,48,7,11,15,17,0,13,0,13,15,17,0,13,0,13,16,30
1400000US13293010400,13293010400,"Census Tract 104, Upson County, Georgia",5965,435,5787,445,4773,509,1514,213,605,149,909,179,932,156,1703,301,1573,301,0,19,130,111,343,185,51,58,83,84,0,19,0,19,111,104,36,46,21,39,0,19,0,19,15,24,0,19,1014,228,958,206,528,153,467,149,61,59,430,137,430,137,0,19,56,52,28,44,0,19,28,32,0,19,0,19,178,75
1400000US13293010500,13293010500,"Census Tract 105, Upson County, Georgia",5433,435,5302,431,4378,472,1203,139,426,114,777,141,567,104,1538,312,1387,309,0,19,151,137,596,325,120,76,66,60,0,19,29,47,92,84,167,103,0,19,0,19,104,75,0,19,63,84,924,281,667,147,373,116,273,98,100,74,294,113,270,109,24,32,257,196,38,45,0,19,29,35,0,19,190,163,131,92
1400000US13293010600,13293010600,"Census Tract 106, Upson County, Georgia",1054,178,1054,178,846,182,321,74,148,61,173,65,221,60,251,80,251,80,0,13,0,13,23,23,0,13,0,13,0,13,0,13,12,22,18,25,0,13,18,25,0,13,0,13,0,13,208,97,179,77,118,62,88,51,30,35,61,41,61,41,0,13,29,38,0,13,0,13,6,10,0,13,23,36,0,13
1400000US13295020100,13295020100,"Census Tract 201, Walker County, Georgia",6780,534,6679,536,5627,599,1821,207,1045,210,776,196,1240,212,1777,304,1658,313,0,19,119,101,313,164,90,105,44,46,0,19,35,38,40,48,267,122,0,19,92,90,68,53,0,19,107,84,1052,241,1006,211,487,159,447,139,40,50,519,158,519,158,0,19,46,58,0,19,34,54,12,18,0,19,0,19,101,47
1400000US13295020200,13295020200,"Census Tract 202, Walker County, Georgia",3936,445,3836,434,2950,461,941,159,542,133,399,120,446,135,943,258,926,259,12,18,5,12,48,47,67,70,37,37,18,30,57,66,170,148,223,136,43,45,17,25,84,52,0,13,79,79,886,254,718,173,368,133,301,128,67,69,350,112,294,90,56,58,168,138,0,13,0,13,143,108,0,13,25,38,100,105
1400000US13295020301,13295020301,"Census Tract 203.01, Walker County, Georgia",5234,637,5210,640,4715,662,1465,181,720,159,745,175,1130,186,1506,295,1314,233,0,19,192,140,312,274,60,56,0,19,0,19,41,46,85,65,116,92,0,19,74,83,9,16,0,19,33,42,495,206,395,154,171,112,134,99,37,43,224,118,184,110,40,62,100,95,0,19,0,19,60,69,0,19,40,64,24,14
1400000US13295020302,13295020302,"Census Tract 203.02, Walker County, Georgia",4608,467,4606,467,3893,562,1409,205,765,156,644,168,1083,211,1098,254,1014,262,0,13,84,59,180,107,21,34,21,34,20,31,0,13,20,25,41,48,16,27,0,13,25,40,0,13,0,13,713,221,655,189,256,121,256,121,0,13,399,159,354,162,45,52,58,75,0,13,0,13,11,19,0,13,47,74,2,4
1400000US13295020400,13295020400,"Census Tract 204, Walker County, Georgia",3382,288,3379,287,2988,322,885,80,611,81,274,74,814,89,1151,196,1078,197,20,27,53,49,17,16,7,10,3,5,23,37,3,7,15,21,70,40,31,36,0,13,26,22,0,13,13,20,391,89,353,78,119,47,100,49,19,24,234,63,220,62,14,16,38,32,0,13,5,7,33,31,0,13,0,13,3,4
1400000US13295020501,13295020501,"Census Tract 205.01, Walker County, Georgia",7621,605,7621,605,6229,792,1953,242,1305,215,648,173,1495,212,2088,372,1868,357,14,22,206,158,213,135,109,75,52,48,41,42,0,19,24,28,254,203,0,19,0,19,97,78,105,168,52,62,1392,345,1122,270,409,155,366,146,43,44,713,203,569,182,144,93,270,139,0,19,18,29,120,85,0,19,132,101,0,19
1400000US13295020502,13295020502,"Census Tract 205.02, Walker County, Georgia",7110,559,7110,559,6531,604,2115,192,1285,189,830,205,1694,192,1805,310,1590,322,78,65,137,112,459,209,51,81,38,36,117,92,70,64,128,89,54,68,0,19,0,19,54,68,0,19,0,19,579,185,562,179,255,131,236,132,19,29,307,126,307,126,0,19,17,26,0,19,0,19,17,26,0,19,0,19,0,19
1400000US13295020601,13295020601,"Census Tract 206.01, Walker County, Georgia",6931,572,6319,528,5723,589,1725,140,1108,145,617,146,1489,191,1926,341,1651,302,24,27,251,147,184,117,88,80,36,40,100,85,0,19,112,79,63,76,50,76,0,19,0,19,0,19,13,21,596,181,522,134,263,121,263,121,0,19,259,94,205,70,54,72,74,86,0,19,15,24,49,75,0,19,10,16,612,196
1400000US13295020602,13295020602,"Census Tract 206.02, Walker County, Georgia",4338,379,4329,378,3904,443,1211,133,782,126,429,121,1044,143,1299,244,1055,215,47,48,197,147,24,41,0,13,20,26,0,13,3,10,236,220,67,73,0,13,22,35,0,13,0,13,45,46,425,132,362,112,200,77,153,71,47,42,162,71,153,69,9,14,63,52,0,13,0,13,35,27,0,13,28,46,9,8
1400000US13295020700,13295020700,"Census Tract 207, Walker County, Georgia",7105,253,6692,250,5570,360,1797,169,1006,218,791,203,1068,197,1940,280,1552,316,55,70,333,184,335,213,85,63,102,80,0,19,17,26,102,86,124,94,0,19,0,19,73,92,23,40,28,42,1122,271,1082,260,365,160,365,160,0,19,717,214,701,211,16,23,40,57,0,19,0,19,6,14,0,19,34,55,413,129
1400000US13295020800,13295020800,"Census Tract 208, Walker County, Georgia",3477,429,3477,429,3066,454,954,124,684,108,270,89,813,125,980,243,774,193,23,22,183,127,198,98,7,13,23,31,0,13,0,13,51,44,40,40,0,13,10,18,8,13,0,13,22,26,411,127,349,102,195,86,181,84,14,21,154,67,119,59,35,31,62,51,12,17,22,38,28,30,0,13,0,13,0,13
1400000US13295020901,13295020901,"Census Tract 209.01, Walker County, Georgia",5968,717,5968,717,5573,727,1736,182,1130,176,606,163,1279,195,1533,291,1394,270,73,80,66,69,352,138,3,12,142,85,0,19,72,60,103,104,353,239,0,19,17,28,191,126,0,19,145,120,395,132,355,118,93,53,85,50,8,14,262,105,237,102,25,29,40,39,0,19,0,19,12,20,0,19,28,34,0,19
1400000US13295020902,13295020902,"Census Tract 209.02, Walker County, Georgia",1973,275,1973,275,1744,284,532,76,291,72,241,77,401,94,522,167,477,146,12,15,33,51,154,80,8,14,53,44,0,13,0,13,0,13,74,66,0,13,41,58,9,13,0,13,24,26,229,73,226,72,120,59,120,59,0,13,106,42,102,43,4,6,3,6,0,13,0,13,3,6,0,13,0,13,0,13
1400000US13297110100,13297110100,"Census Tract 1101, Walton County, Georgia",8639,512,8639,512,7966,538,2445,197,1580,197,865,155,2205,204,2712,267,2565,251,63,58,84,51,217,131,0,19,20,22,54,64,97,66,129,173,87,76,0,19,0,19,62,73,13,20,12,19,673,184,636,169,362,140,327,137,35,40,274,102,274,102,0,19,37,41,37,41,0,19,0,19,0,19,0,19,0,19
1400000US13297110200,13297110200,"Census Tract 1102, Walton County, Georgia",4151,458,4148,458,3854,455,1257,153,745,144,512,119,1043,147,1157,186,1127,191,18,26,12,18,112,112,28,32,55,70,21,24,0,13,133,90,48,44,11,16,12,19,0,13,7,16,18,24,294,118,281,115,69,42,57,39,12,15,212,113,212,113,0,13,13,16,2,3,9,14,2,5,0,13,0,13,3,7
1400000US13297110300,13297110300,"Census Tract 1103, Walton County, Georgia",6855,716,6850,715,5510,775,1672,213,859,218,813,182,1060,217,2113,446,1975,409,0,19,138,128,204,121,91,82,87,89,0,19,37,49,162,114,84,74,0,19,0,19,0,19,0,19,84,74,1340,257,1220,226,560,180,485,159,75,59,660,192,625,191,35,43,120,76,0,19,22,27,98,71,0,19,0,19,5,4
1400000US13297110400,13297110400,"Census Tract 1104, Walton County, Georgia",6431,774,6319,733,5421,798,1586,252,701,180,885,188,786,194,2369,583,2129,569,60,56,180,207,226,227,116,99,37,41,29,41,25,39,41,48,206,128,0,19,0,19,46,44,71,82,89,80,898,290,715,201,144,81,110,73,34,37,571,190,433,151,138,118,183,130,0,19,41,48,123,118,0,19,19,30,112,153
1400000US13297110503,13297110503,"Census Tract 1105.03, Walton County, Georgia",3159,295,3159,295,2959,345,921,101,609,124,312,94,821,116,1061,206,1028,204,0,13,33,37,27,25,66,105,16,22,0,13,12,19,11,19,24,38,24,38,0,13,0,13,0,13,0,13,200,97,187,94,109,86,109,86,0,13,78,44,69,43,9,13,13,14,0,13,0,13,6,9,0,13,7,11,0,13
1400000US13297110504,13297110504,"Census Tract 1105.04, Walton County, Georgia",5022,661,5019,663,4536,694,1403,195,775,197,628,205,990,192,1909,410,1898,407,0,19,11,17,32,52,0,19,30,40,7,19,0,19,0,19,165,171,0,19,0,19,115,107,0,19,50,75,483,185,444,169,200,149,200,149,0,19,244,125,209,114,35,41,39,45,0,19,0,19,24,38,0,19,15,26,3,5
1400000US13297110505,13297110505,"Census Tract 1105.05, Walton County, Georgia",4560,522,4560,522,4484,530,1254,130,643,174,611,148,966,145,1694,363,1492,362,52,41,150,92,243,172,116,103,41,47,0,13,52,57,41,62,77,78,0,13,77,78,0,13,0,13,0,13,76,62,59,48,43,43,43,43,0,13,16,22,0,13,16,22,17,23,0,13,0,13,17,23,0,13,0,13,0,13
1400000US13297110506,13297110506,"Census Tract 1105.06, Walton County, Georgia",5239,358,5239,358,4925,398,1559,144,880,199,679,183,1292,163,1608,246,1474,263,13,24,121,85,260,214,24,30,24,30,0,19,14,24,27,38,117,101,0,19,72,95,34,52,0,19,11,18,314,167,289,156,187,142,167,140,20,32,102,76,102,76,0,19,25,39,0,19,25,39,0,19,0,19,0,19,0,19
1400000US13297110507,13297110507,"Census Tract 1105.07, Walton County, Georgia",7126,644,7083,651,6498,681,1902,180,1300,198,602,158,1564,201,2256,408,2256,408,0,19,0,19,248,143,100,87,39,45,98,86,35,50,104,89,152,111,0,19,18,33,28,31,52,64,54,56,585,238,485,154,237,127,191,116,46,69,248,115,248,115,0,19,100,155,0,19,53,80,47,76,0,19,0,19,43,54
1400000US13297110508,13297110508,"Census Tract 1105.08, Walton County, Georgia",4414,558,4414,558,4095,591,1305,163,890,183,415,131,982,158,1238,317,1191,318,45,50,2,4,251,161,16,21,90,80,27,42,33,43,57,56,96,113,0,13,0,13,29,36,0,13,67,108,319,114,299,103,92,75,80,73,12,19,207,90,198,87,9,17,20,26,0,13,11,19,9,16,0,13,0,13,0,13
1400000US13297110601,13297110601,"Census Tract 1106.01, Walton County, Georgia",4734,638,4732,638,4457,699,1334,156,858,114,476,154,1180,164,1547,395,1505,392,22,42,20,25,161,155,33,35,95,79,17,28,0,13,0,13,90,76,0,13,0,13,29,34,0,13,61,66,275,144,237,123,102,91,83,83,19,27,135,96,120,91,15,26,38,39,0,13,12,21,26,32,0,13,0,13,2,5
1400000US13297110602,13297110602,"Census Tract 1106.02, Walton County, Georgia",4952,552,4952,552,4675,591,1467,157,834,160,633,146,1396,163,1386,323,1326,311,0,13,60,45,98,83,0,13,176,220,29,36,68,77,25,37,30,45,0,13,29,45,0,13,0,13,1,2,277,109,232,93,119,81,107,81,12,16,113,59,82,48,31,30,45,38,0,13,21,27,22,26,0,13,2,4,0,13
1400000US13297110603,13297110603,"Census Tract 1106.03, Walton County, Georgia",4926,461,4926,461,4593,486,1377,142,742,146,635,116,1128,158,1519,299,1324,247,85,83,110,75,168,98,46,56,20,31,39,42,23,36,97,106,176,158,17,22,9,17,37,27,110,158,3,6,333,111,288,95,98,47,94,46,4,7,190,97,148,89,42,30,45,30,0,13,4,6,36,28,0,13,5,7,0,13
1400000US13297110700,13297110700,"Census Tract 1107, Walton County, Georgia",6858,630,6499,605,5722,660,1782,190,1199,223,583,171,1438,189,1724,367,1583,367,0,19,141,136,119,96,95,86,246,197,0,19,100,96,141,107,77,72,0,19,45,70,22,37,0,19,10,18,777,234,635,175,273,130,201,122,72,70,362,124,301,110,61,57,142,106,0,19,57,70,85,76,0,19,0,19,359,146
1400000US13297110800,13297110800,"Census Tract 1108, Walton County, Georgia",6705,577,6613,579,5939,624,1857,169,1015,191,842,174,1318,183,2186,394,1929,383,195,123,62,57,232,123,15,28,70,51,0,19,10,18,36,38,215,112,40,50,0,19,114,92,0,19,61,81,674,194,584,169,301,119,271,113,30,32,283,121,257,119,26,30,90,74,19,30,28,33,25,30,0,19,18,30,92,80
1400000US13299950100,13299950100,"Census Tract 9501, Ware County, Georgia",1533,274,1533,274,1386,280,427,81,247,74,180,85,390,68,467,142,458,138,3,18,6,11,47,49,8,14,22,37,0,13,4,33,0,13,21,27,0,13,0,13,0,13,0,13,21,27,147,64,144,61,70,54,69,54,1,5,74,42,74,42,0,13,3,12,0,13,3,12,0,13,0,13,0,13,0,13
1400000US13299950200,13299950200,"Census Tract 9502, Ware County, Georgia",7600,586,5414,555,4843,626,1424,186,827,180,597,167,1201,153,1744,339,1579,332,24,28,141,96,220,189,12,19,42,45,0,19,0,19,66,67,134,100,0,19,0,19,12,21,0,19,122,102,571,185,545,171,304,140,286,136,18,30,241,93,241,93,0,19,26,40,26,40,0,19,0,19,0,19,0,19,2186,271
1400000US13299950300,13299950300,"Census Tract 9503, Ware County, Georgia",1961,249,1961,249,1552,264,523,86,265,60,258,75,331,73,564,157,564,157,0,13,0,13,16,23,30,33,13,22,11,18,20,24,7,11,37,35,0,13,5,7,18,16,0,13,14,23,409,116,367,107,187,88,175,87,12,17,180,69,170,69,10,13,42,38,9,16,6,11,9,16,0,13,18,29,0,13
1400000US13299950400,13299950400,"Census Tract 9504, Ware County, Georgia",1961,324,1928,324,1497,313,440,93,125,60,315,80,197,73,546,172,546,172,0,13,0,13,81,66,39,50,28,31,0,13,42,47,34,38,90,92,0,13,0,13,30,26,0,13,60,70,431,109,367,88,112,65,95,59,17,21,255,60,231,58,24,21,64,45,0,13,18,24,39,38,0,13,7,12,33,31
1400000US13299950500,13299950500,"Census Tract 9505, Ware County, Georgia",4917,424,4711,412,3809,443,1238,145,538,116,700,169,875,132,1131,290,889,233,77,106,165,144,174,148,90,87,72,110,0,13,0,13,110,76,119,112,23,33,96,104,0,13,0,13,0,13,902,225,812,192,216,130,205,130,11,19,596,166,512,145,84,83,90,77,0,13,0,13,90,77,0,13,0,13,206,94
1400000US13299950600,13299950600,"Census Tract 9506, Ware County, Georgia",6114,502,6114,502,5229,571,1700,195,990,149,710,170,1379,182,1725,338,1615,342,110,107,0,19,165,133,45,63,11,22,85,88,30,42,49,73,40,42,0,19,13,26,27,33,0,19,0,19,885,243,800,194,276,120,246,112,30,34,524,163,524,163,0,19,85,115,0,19,0,19,33,44,0,19,52,76,0,19
1400000US13299950700,13299950700,"Census Tract 9507, Ware County, Georgia",1627,304,1481,299,1287,287,379,73,122,70,257,73,162,67,519,191,506,187,0,13,13,23,111,71,18,36,51,48,0,13,0,13,5,8,42,30,8,13,0,13,34,26,0,13,0,13,194,80,190,79,157,74,151,73,6,10,33,21,33,21,0,13,4,7,0,13,0,13,4,7,0,13,0,13,146,56
1400000US13299950800,13299950800,"Census Tract 9508, Ware County, Georgia",6038,674,5990,668,5188,689,1462,185,699,147,763,178,991,174,2000,341,1588,314,119,156,293,191,221,133,44,46,31,37,0,19,0,19,304,205,135,119,21,35,26,45,36,53,0,19,52,64,802,189,706,142,230,116,216,115,14,18,476,139,428,132,48,59,96,102,0,19,64,98,12,19,0,19,20,25,48,34
1400000US13299950900,13299950900,"Census Tract 9509, Ware County, Georgia",4348,425,4305,425,3539,447,1100,141,560,120,540,123,781,155,1134,242,1095,243,9,17,30,31,262,138,0,13,32,46,0,13,60,60,106,96,64,62,0,13,0,13,52,58,0,13,12,20,766,190,624,144,344,121,239,101,105,62,280,111,232,105,48,37,142,69,0,13,0,13,128,66,0,13,14,22,43,24
1400000US13301970400,13301970400,"Census Tract 9704, Warren County, Georgia",2898,249,2822,241,2424,276,707,91,365,77,342,86,473,89,913,187,910,188,0,13,3,5,170,107,33,30,31,35,0,13,29,30,52,42,16,32,0,13,0,13,8,27,0,13,8,15,398,112,337,90,165,57,151,55,14,16,172,67,149,61,23,23,61,46,15,22,21,33,21,27,0,13,4,8,76,37
1400000US13301970500,13301970500,"Census Tract 9705, Warren County, Georgia",2890,249,2890,249,2388,282,756,112,252,59,504,107,414,96,914,192,886,188,26,28,2,4,75,56,25,24,37,39,47,46,21,30,50,41,49,41,38,35,11,19,0,13,0,13,0,13,502,114,482,109,241,76,217,77,24,30,241,80,238,80,3,6,20,22,0,13,0,13,20,22,0,13,0,13,0,13
1400000US13303950100,13303950100,"Census Tract 9501, Washington County, Georgia",1685,191,1685,191,1450,200,521,79,346,88,175,68,470,71,324,113,289,95,0,13,35,35,27,32,18,32,54,47,5,6,0,13,31,51,0,13,0,13,0,13,0,13,0,13,0,13,235,85,228,82,98,67,98,67,0,13,130,67,122,65,8,13,7,13,0,13,0,13,7,13,0,13,0,13,0,13
1400000US13303950300,13303950300,"Census Tract 9503, Washington County, Georgia",4738,424,4522,412,3868,439,1140,153,453,123,687,132,723,123,1430,273,1396,270,28,45,6,13,238,154,45,51,0,13,0,13,67,72,166,124,59,55,12,18,20,30,0,13,7,11,20,26,654,169,616,161,204,85,191,82,13,19,412,132,393,133,19,22,38,35,0,13,16,25,22,22,0,13,0,13,216,88
1400000US13303950400,13303950400,"Census Tract 9504, Washington County, Georgia",4393,518,4345,514,3646,544,1106,171,434,138,672,149,581,140,1598,309,1516,300,6,11,76,72,172,118,0,13,0,13,35,57,0,13,67,95,87,86,0,13,0,13,44,55,0,13,43,62,699,181,651,161,237,117,226,110,11,30,414,120,404,120,10,17,48,66,0,13,28,41,20,32,0,13,0,13,48,31
1400000US13303950500,13303950500,"Census Tract 9505, Washington County, Georgia",5841,464,4383,425,3989,435,1113,131,629,118,484,89,877,120,1452,216,1384,203,22,22,46,37,216,95,86,66,49,67,0,19,3,5,138,85,55,34,8,9,0,19,22,22,0,19,25,28,394,131,309,72,97,43,84,35,13,21,212,63,181,55,31,25,85,83,0,19,54,78,31,24,0,19,0,19,1458,257
1400000US13303950700,13303950700,"Census Tract 9507, Washington County, Georgia",4435,463,4403,457,4001,468,1037,139,543,119,494,86,698,115,1635,325,1562,311,48,58,25,23,249,108,124,83,96,55,13,15,23,25,87,47,39,28,0,13,0,13,19,18,4,7,16,20,402,90,386,88,149,55,140,55,9,9,237,70,226,69,11,11,16,16,0,13,0,13,11,14,0,13,5,8,32,41
1400000US13305970100,13305970100,"Census Tract 9701, Wayne County, Georgia",4461,367,4391,369,3940,391,1219,135,696,135,523,126,1011,132,1304,225,1127,210,51,54,126,92,161,105,38,37,31,34,3,6,0,13,59,41,114,62,11,24,0,13,37,36,0,13,66,51,451,121,428,115,187,78,170,76,17,18,241,88,241,88,0,13,23,26,14,21,0,13,9,15,0,13,0,13,70,23
1400000US13305970200,13305970200,"Census Tract 9702, Wayne County, Georgia",7572,577,7572,577,6665,624,2024,207,1012,193,1012,236,1412,216,2572,370,2266,366,106,80,200,137,279,176,69,65,28,46,0,19,31,37,94,92,156,97,23,38,0,19,86,77,0,19,47,50,907,189,722,144,354,121,298,121,56,50,368,107,312,106,56,47,185,116,0,19,33,38,57,46,0,19,95,91,0,19
1400000US13305970300,13305970300,"Census Tract 9703, Wayne County, Georgia",5371,426,5186,436,4352,488,1241,156,545,119,696,135,903,116,1699,267,1562,247,57,61,80,58,233,127,65,68,59,68,16,26,14,22,77,59,45,38,0,19,0,19,45,38,0,19,0,19,834,242,662,158,251,96,166,70,85,83,411,122,363,115,48,53,172,135,0,19,125,124,47,59,0,19,0,19,185,84
1400000US13305970400,13305970400,"Census Tract 9704, Wayne County, Georgia",3516,342,3510,342,3110,365,1005,116,577,113,428,115,853,122,927,181,834,182,27,26,66,49,69,37,4,6,24,30,24,34,8,13,84,63,112,89,0,13,0,13,43,37,31,62,38,57,400,104,345,87,216,74,195,73,21,20,129,51,116,51,13,17,55,47,0,13,24,28,20,21,0,13,11,13,6,5
1400000US13305970500,13305970500,"Census Tract 9705, Wayne County, Georgia",5242,358,3361,353,2762,398,794,117,428,107,366,98,652,133,998,206,813,185,61,81,124,93,63,49,33,37,0,19,0,19,16,26,61,51,145,100,66,87,15,25,33,30,31,30,0,19,599,250,378,109,177,96,118,77,59,49,201,59,192,60,9,15,221,196,0,19,0,19,76,60,0,19,145,142,1881,187
1400000US13305970600,13305970600,"Census Tract 9706, Wayne County, Georgia",3995,435,3925,432,3609,430,1013,96,541,99,472,110,720,115,1429,278,1325,266,15,29,89,71,279,240,50,56,10,13,0,13,0,13,88,78,20,31,0,13,0,13,20,31,0,13,0,13,316,120,289,104,127,81,127,81,0,13,162,73,143,64,19,24,27,39,0,13,21,37,6,9,0,13,0,13,70,47
1400000US13307960100,13307960100,"Census Tract 9601, Webster County, Georgia",1557,133,1553,133,1317,163,396,61,199,59,197,57,238,59,467,95,387,82,7,11,73,71,121,65,32,27,6,11,0,13,21,23,6,9,30,32,0,13,0,13,30,32,0,13,0,13,236,81,228,78,72,43,72,43,0,13,156,68,148,68,8,12,8,14,0,13,0,13,8,14,0,13,0,13,4,10
1400000US13307960200,13307960200,"Census Tract 9602, Webster County, Georgia",1216,133,1216,133,968,151,351,70,225,80,126,57,265,73,289,117,264,124,4,11,21,30,17,23,16,20,0,13,0,13,0,13,0,13,30,27,0,13,0,13,19,21,0,13,11,17,248,89,248,89,132,74,132,74,0,13,116,62,116,62,0,13,0,13,0,13,0,13,0,13,0,13,0,13,0,13
1400000US13309780100,13309780100,"Census Tract 7801, Wheeler County, Georgia",1969,456,1910,458,1588,420,605,178,250,105,355,120,432,120,465,160,449,155,16,24,0,13,47,54,4,9,2,7,0,13,0,13,23,30,10,18,0,13,1,4,9,17,0,13,0,13,322,129,313,126,139,83,135,83,4,8,174,100,167,96,7,18,9,14,0,13,0,13,9,14,0,13,0,13,59,34
1400000US13309780200,13309780200,"Census Tract 7802, Wheeler County, Georgia",5603,456,2316,622,1923,546,734,223,312,160,422,137,484,168,569,184,484,159,2,5,83,71,43,51,1,3,4,10,0,19,5,9,9,18,74,62,0,19,1,4,71,63,0,19,2,4,393,165,376,156,166,114,155,114,11,17,210,94,186,89,24,33,17,25,0,19,1,4,13,20,0,19,3,6,3287,943
1400000US13311950100,13311950100,"Census Tract 9501, White County, Georgia",2638,369,2630,369,2222,388,877,137,495,109,382,114,711,136,471,173,456,166,0,13,15,18,98,90,4,8,3,6,0,13,4,6,0,13,54,57,0,13,0,13,24,30,0,13,30,48,408,113,375,107,146,83,131,80,15,27,229,82,175,68,54,49,33,25,0,13,11,19,22,23,0,13,0,13,8,11
1400000US13311950201,13311950201,"Census Tract 9502.01, White County, Georgia",8280,588,7961,610,6768,730,2424,282,1295,281,1129,289,2091,368,1735,382,1615,375,74,63,46,36,319,178,8,15,20,25,15,27,4,8,55,56,97,83,0,19,16,27,72,80,0,19,9,17,1193,305,1107,288,560,240,511,241,49,40,547,209,446,213,101,76,86,68,4,8,23,29,42,42,0,19,17,29,319,139
1400000US13311950202,13311950202,"Census Tract 9502.02, White County, Georgia",3079,435,3079,435,2641,462,999,188,713,194,286,97,987,191,597,186,591,188,6,14,0,13,41,59,0,13,8,13,3,5,0,13,2,4,4,11,0,13,0,13,4,11,0,13,0,13,438,196,361,158,175,111,96,78,79,80,186,105,162,101,24,36,77,63,0,13,10,18,67,62,0,13,0,13,0,13
1400000US13311950203,13311950203,"Census Tract 9502.03, White County, Georgia",4886,594,4787,600,3933,680,1706,353,849,228,857,332,1410,306,634,199,608,201,0,13,26,28,30,57,90,87,0,13,21,28,3,6,0,13,39,42,0,13,17,24,22,37,0,13,0,13,854,259,842,256,259,159,259,159,0,13,583,217,538,216,45,38,12,15,0,13,12,15,0,13,0,13,0,13,99,45
1400000US13311950300,13311950300,"Census Tract 9503, White County, Georgia",8258,683,8217,675,7361,756,2716,322,1468,301,1248,263,1864,285,2307,432,2031,399,196,250,80,74,113,113,9,13,11,16,3,7,10,19,132,172,196,129,0,19,0,19,83,68,69,107,44,48,856,238,747,197,454,205,362,194,92,98,293,125,252,115,41,44,109,98,0,19,4,7,105,99,0,19,0,19,41,54
1400000US13313000101,13313000101,"Census Tract 1.01, Whitfield County, Georgia",4065,309,4059,309,3715,352,1128,114,660,131,468,137,982,103,1322,195,1195,196,45,40,82,57,123,78,35,47,3,5,12,18,3,8,35,34,72,50,0,13,19,31,41,33,0,13,12,19,344,116,307,101,197,94,161,88,36,34,110,43,110,43,0,13,37,34,0,13,0,13,37,34,0,13,0,13,6,6
1400000US13313000102,13313000102,"Census Tract 1.02, Whitfield County, Georgia",8740,669,8735,669,8324,699,2283,180,1451,200,832,163,1834,172,3381,406,2935,362,68,52,378,251,369,219,17,36,58,45,26,36,47,45,177,207,132,109,0,19,14,24,93,102,2,6,23,38,411,146,376,132,138,64,101,47,37,38,238,104,238,104,0,19,35,33,0,19,8,11,27,30,0,19,0,19,5,5
1400000US13313000200,13313000200,"Census Tract 2, Whitfield County, Georgia",3643,391,3598,391,3251,444,1080,134,690,147,390,116,914,150,914,262,825,252,52,60,37,45,118,85,88,67,16,25,0,13,14,23,67,79,40,68,1,11,7,43,13,20,0,13,19,32,347,159,249,102,186,89,106,70,80,67,63,36,55,33,8,14,98,75,20,36,0,13,78,60,0,13,0,13,45,22
1400000US13313000301,13313000301,"Census Tract 3.01, Whitfield County, Georgia",4072,503,4070,503,3543,555,1041,156,605,140,436,117,803,148,1448,297,1393,280,0,13,55,52,146,103,19,28,13,22,0,13,11,23,44,42,18,24,0,13,0,13,7,10,0,13,11,21,527,193,348,96,156,74,75,52,81,66,192,76,153,63,39,37,179,125,0,13,107,116,63,54,0,13,9,16,2,2
1400000US13313000302,13313000302,"Census Tract 3.02, Whitfield County, Georgia",9693,824,9693,824,8902,903,2496,232,1591,234,905,168,1736,218,3129,504,2934,432,38,46,157,137,604,245,114,77,194,132,88,75,53,79,227,149,261,125,46,56,14,20,135,108,23,37,43,41,791,238,686,189,307,145,249,128,58,58,379,121,334,108,45,54,105,84,0,19,38,44,67,62,0,19,0,19,0,19
1400000US13313000400,13313000400,"Census Tract 4, Whitfield County, Georgia",9328,1150,9278,1147,8184,1304,1999,306,1222,308,777,235,1487,295,3728,678,3576,648,20,32,132,135,341,209,225,179,113,112,15,25,28,44,119,108,129,111,0,19,84,87,45,58,0,19,0,19,1094,332,876,231,282,163,271,160,11,18,594,185,474,168,120,112,218,187,59,89,80,112,79,74,0,19,0,19,50,24
1400000US13313000501,13313000501,"Census Tract 5.01, Whitfield County, Georgia",3822,468,3815,468,3377,517,1043,137,675,163,368,114,804,133,1045,276,945,273,24,30,76,65,144,96,50,59,101,86,0,13,36,42,11,19,143,128,0,13,0,13,37,35,38,64,68,105,438,164,365,133,201,108,135,95,66,57,164,79,164,79,0,13,73,65,27,43,30,47,16,19,0,13,0,13,7,5
1400000US13313000502,13313000502,"Census Tract 5.02, Whitfield County, Georgia",7038,747,6302,761,5008,853,1505,218,470,208,1035,249,749,254,2300,535,2156,494,102,122,42,69,116,115,60,66,31,53,24,30,17,26,59,112,147,113,0,19,76,80,71,84,0,19,0,19,1294,331,999,230,447,172,268,122,179,124,552,192,434,171,118,123,295,157,148,120,90,87,57,69,0,19,0,19,736,245
1400000US13313000600,13313000600,"Census Tract 6, Whitfield County, Georgia",4138,427,4129,427,3342,441,1024,108,567,108,457,122,800,86,1068,184,975,174,53,46,40,32,256,190,39,38,16,16,12,13,22,28,26,40,79,68,57,64,0,13,11,13,0,13,11,13,787,316,434,122,267,116,161,78,106,82,167,60,114,46,53,43,353,220,0,13,97,132,98,71,0,13,158,112,9,7
1400000US13313000700,13313000700,"Census Tract 7, Whitfield County, Georgia",4888,529,4886,529,4564,559,1283,142,644,117,639,149,1093,138,1667,314,1575,322,0,13,92,78,198,126,14,24,52,43,111,81,0,13,77,69,69,46,17,27,0,13,46,39,0,13,6,12,322,139,269,110,116,68,89,61,27,29,153,79,144,79,9,14,53,53,0,13,0,13,35,31,0,13,18,29,2,2
1400000US13313000800,13313000800,"Census Tract 8, Whitfield County, Georgia",7520,557,7492,559,6566,647,1952,203,1342,196,610,188,1692,191,2541,403,2244,413,64,62,233,163,147,80,14,22,62,50,0,19,14,23,0,19,144,109,0,19,0,19,77,78,29,46,38,59,926,276,779,219,504,190,460,185,44,40,275,109,240,111,35,41,147,134,0,19,70,116,45,42,16,26,16,26,28,17
1400000US13313000900,13313000900,"Census Tract 9, Whitfield County, Georgia",3657,474,3651,474,2891,496,859,129,597,113,262,104,763,130,1006,265,903,222,26,30,77,78,108,79,22,33,15,21,8,16,14,22,51,65,45,57,0,13,0,13,0,13,33,53,12,20,760,187,593,127,225,83,177,82,48,58,368,112,300,102,68,63,167,107,0,13,15,24,140,100,0,13,12,19,6,6
1400000US13313001000,13313001000,"Census Tract 10, Whitfield County, Georgia",3204,591,3192,592,2941,618,745,140,440,114,305,121,484,113,1320,357,1252,360,6,11,62,60,133,109,29,33,77,91,0,13,0,13,80,61,73,51,0,13,7,14,38,28,0,13,28,35,251,93,231,87,103,71,88,67,15,24,128,64,128,64,0,13,20,32,20,32,0,13,0,13,0,13,0,13,12,8
1400000US13313001100,13313001100,"Census Tract 11, Whitfield County, Georgia",4572,566,4570,566,4123,613,1147,144,630,134,517,131,820,115,1675,379,1557,341,11,18,107,113,153,85,29,30,35,46,0,13,29,32,134,87,101,94,0,13,36,57,65,77,0,13,0,13,447,152,366,110,283,96,207,76,76,63,83,45,72,44,11,17,81,61,0,13,0,13,81,61,0,13,0,13,2,3
1400000US13313001200,13313001200,"Census Tract 12, Whitfield County, Georgia",7374,683,7360,682,6641,792,1754,235,1113,227,641,147,1143,220,2678,419,2484,391,26,31,168,128,234,139,220,168,188,116,0,19,68,68,190,187,166,91,0,19,0,19,123,84,0,19,43,54,719,281,543,197,373,170,239,132,134,97,170,91,135,82,35,40,176,112,0,19,0,19,176,112,0,19,0,19,14,13
1400000US13313001300,13313001300,"Census Tract 13, Whitfield County, Georgia",3846,582,3846,582,3565,603,975,160,437,136,538,133,491,123,1444,314,1404,314,0,13,40,44,93,66,170,107,20,34,0,13,0,13,156,109,216,126,0,13,59,66,108,77,0,13,49,59,281,102,237,83,146,68,116,66,30,37,91,44,81,41,10,15,44,40,0,13,14,22,30,35,0,13,0,13,0,13
1400000US13313001400,13313001400,"Census Tract 14, Whitfield County, Georgia",6763,560,6761,560,5705,638,1741,166,874,186,867,188,1358,196,2191,433,1988,376,41,73,162,176,126,87,98,68,76,60,0,19,0,19,38,43,77,67,41,50,0,19,7,15,0,19,29,46,1056,431,661,200,275,140,102,96,173,121,386,156,306,109,80,104,395,293,0,19,25,37,114,71,0,19,256,237,2,2
1400000US13313001500,13313001500,"Census Tract 15, Whitfield County, Georgia",5789,788,5784,787,4858,803,1424,210,974,190,450,176,1045,189,1494,324,1477,320,17,29,0,19,286,222,126,150,99,94,0,19,74,65,171,128,139,101,0,19,0,19,8,18,0,19,131,100,926,326,675,207,230,104,138,74,92,74,445,151,359,145,86,78,251,165,43,69,68,111,124,86,0,19,16,25,5,5
1400000US13315960100,13315960100,"Census Tract 9601, Wilcox County, Georgia",4038,217,2037,265,1659,274,503,88,218,57,285,71,353,73,684,149,619,145,47,56,18,17,39,30,16,16,13,16,0,13,0,13,7,11,44,37,0,13,7,12,37,38,0,13,0,13,378,109,348,90,122,57,117,57,5,8,226,64,206,59,20,29,30,38,0,13,0,13,30,38,0,13,0,13,2001,179
1400000US13315960200,13315960200,"Census Tract 9602, Wilcox County, Georgia",1487,242,1421,241,1225,243,368,71,202,66,166,55,273,62,508,174,458,142,4,6,46,63,29,29,15,13,13,15,0,13,0,13,15,17,4,6,0,13,0,13,4,6,0,13,0,13,196,61,182,57,78,42,66,40,12,14,104,43,104,43,0,13,14,15,0,13,3,4,11,14,0,13,0,13,66,43
1400000US13315960300,13315960300,"Census Tract 9603, Wilcox County, Georgia",1701,303,1701,303,1599,307,435,97,249,93,186,57,297,61,625,160,594,157,22,26,9,20,75,47,0,13,25,29,3,6,0,13,133,146,6,13,0,13,0,13,0,13,0,13,6,13,102,42,102,42,45,34,45,34,0,13,57,25,57,25,0,13,0,13,0,13,0,13,0,13,0,13,0,13,0,13
1400000US13315960400,13315960400,"Census Tract 9604, Wilcox County, Georgia",1916,260,1910,261,1634,305,488,99,250,71,238,73,341,85,624,160,594,155,0,13,30,40,40,37,4,6,16,23,24,44,0,13,45,46,52,33,0,13,0,13,21,20,0,13,31,25,276,116,231,86,126,75,89,53,37,45,105,46,98,44,7,10,45,44,0,13,12,19,33,33,0,13,0,13,6,7
1400000US13317010101,13317010101,"Census Tract 101.01, Wilkes County, Georgia",2039,255,2032,254,1746,273,482,93,261,65,221,81,379,81,564,176,549,178,6,9,9,17,120,64,47,49,0,13,0,13,0,13,27,28,127,80,5,9,7,13,36,35,3,6,76,70,286,92,282,93,166,76,166,76,0,13,116,45,114,45,2,3,4,6,0,13,0,13,4,6,0,13,0,13,7,13
1400000US13317010102,13317010102,"Census Tract 101.02, Wilkes County, Georgia",1672,222,1661,222,1355,230,355,64,241,60,114,48,240,60,656,152,550,120,85,105,21,22,35,35,19,24,0,13,0,13,10,15,25,33,15,21,0,13,0,13,11,20,0,13,4,9,306,88,258,77,80,42,59,39,21,22,178,65,164,63,14,24,48,40,0,13,23,31,25,27,0,13,0,13,11,11
1400000US13317010301,13317010301,"Census Tract 103.01, Wilkes County, Georgia",2085,354,2085,354,1787,359,592,140,359,122,233,99,410,105,473,181,473,181,0,13,0,13,131,124,15,26,7,13,35,53,0,13,90,92,34,36,34,36,0,13,0,13,0,13,0,13,298,116,283,107,118,82,118,82,0,13,165,84,157,83,8,13,15,24,0,13,0,13,15,24,0,13,0,13,0,13
1400000US13317010302,13317010302,"Census Tract 103.02, Wilkes County, Georgia",4602,399,4430,404,3527,449,996,154,381,121,615,130,499,125,1356,263,1286,277,23,33,47,75,177,115,113,95,189,113,0,13,0,13,144,83,53,50,0,13,17,29,15,24,0,13,21,36,903,178,842,156,346,128,346,128,0,13,496,130,454,121,42,46,61,60,39,48,0,13,22,32,0,13,0,13,172,165
1400000US13319960200,13319960200,"Census Tract 9602, Wilkinson County, Georgia",3543,345,3504,351,3183,378,897,114,430,78,467,101,532,87,1378,245,1308,246,14,17,56,40,125,90,65,76,25,31,0,13,4,10,119,66,38,33,19,29,2,3,7,8,0,13,10,15,321,91,286,84,124,68,104,65,20,20,162,65,145,63,17,17,35,24,0,13,0,13,35,24,0,13,0,13,39,29
1400000US13319960300,13319960300,"Census Tract 9603, Wilkinson County, Georgia",4460,325,4460,325,3932,340,1039,105,543,93,496,84,754,87,1458,262,1408,259,20,20,30,26,248,95,11,19,55,55,0,13,0,13,252,155,115,74,12,20,0,13,17,13,0,13,86,68,528,104,486,97,278,79,250,77,28,22,208,56,202,55,6,7,42,26,0,13,8,12,20,17,0,13,14,21,0,13
1400000US13319960400,13319960400,"Census Tract 9604, Wilkinson County, Georgia",1574,280,1517,274,1301,279,402,85,241,67,161,62,331,74,413,145,375,129,0,13,38,37,30,41,36,38,36,38,3,5,0,13,21,24,29,41,0,13,0,13,0,13,0,13,29,41,216,71,216,71,132,61,132,61,0,13,84,40,84,40,0,13,0,13,0,13,0,13,0,13,0,13,0,13,57,86
1400000US13321950100,13321950100,"Census Tract 9501, Worth County, Georgia",2568,354,2568,354,2265,350,737,123,460,99,277,110,589,121,597,160,549,141,34,31,14,20,101,97,71,60,72,60,0,13,0,13,92,76,6,8,0,13,0,13,3,6,0,13,3,5,303,86,287,84,120,68,106,62,14,20,167,57,163,58,4,6,16,16,0,13,0,13,14,17,0,13,2,5,0,13
1400000US13321950200,13321950200,"Census Tract 9502, Worth County, Georgia",7102,556,6982,548,6121,595,1859,228,1221,196,638,178,1335,198,2158,343,1997,357,33,37,128,123,399,250,17,27,88,69,41,46,20,32,13,22,191,142,0,19,65,48,78,80,0,19,48,77,861,245,743,219,411,155,326,154,85,57,332,131,332,131,0,19,118,79,14,24,49,55,30,34,0,19,25,37,120,96
1400000US13321950400,13321950400,"Census Tract 9504, Worth County, Georgia",5034,443,5032,443,4480,471,1333,118,691,124,642,119,944,108,1546,310,1416,291,31,39,99,91,346,143,90,72,60,52,25,43,3,7,33,30,100,69,0,19,41,55,46,37,0,19,13,20,552,150,495,120,270,93,266,94,4,5,225,89,194,74,31,44,57,61,0,19,0,19,46,59,0,19,11,13,2,3
1400000US13321950500,13321950500,"Census Tract 9505, Worth County, Georgia",4844,427,4807,425,4107,462,1141,149,608,126,533,127,674,132,1679,275,1601,280,3,7,75,62,223,123,83,150,33,43,9,14,75,91,55,51,135,105,0,13,0,13,56,52,0,13,79,85,700,171,640,158,253,91,226,92,27,29,387,129,359,124,28,42,60,48,11,20,0,13,49,44,0,13,0,13,37,16
1400000US13321950600,13321950600,"Census Tract 9506, Worth County, Georgia",2198,301,2198,301,2000,324,606,99,380,75,226,69,513,92,704,209,621,159,43,45,40,62,96,88,0,13,30,30,0,13,11,17,0,13,40,52,0,13,0,13,8,12,32,50,0,13,198,84,198,84,119,72,119,72,0,13,79,46,79,46,0,13,0,13,0,13,0,13,0,13,0,13,0,13,0,13
